Sequentiell60;;;
Date:;2025/04/24;;
Time:;15:48:37;;
Type:;test;;
Description:;"";;
Notes:;"";;
TRAJECTORIES;;;
200.000000;Hz;;
;*1;;
Field #;X;Y;Z
1;866.278503;625.280945;118.901291
2;866.326721;625.272278;118.874001
3;866.337036;625.273254;118.864700
4;866.304382;625.289978;118.897903
5;866.300903;625.378174;118.879234
6;866.377319;625.399597;118.842209
7;866.371643;625.402893;118.814041
8;866.413086;625.394165;118.796059
9;866.001343;625.349792;119.092651
10;865.805054;625.299622;119.286064
11;865.799194;625.290100;119.303482
12;865.843811;625.303467;119.256393
13;866.365784;625.342407;118.849968
14;866.071960;625.335144;119.067604
15;865.845398;625.310181;119.249290
16;866.257874;625.314636;119.040619
17;866.030640;625.344604;119.086571
18;866.287292;625.374634;118.951149
19;866.013184;625.352783;119.091415
20;866.252869;625.360962;118.974312
21;866.383728;625.383728;118.825020
22;866.404114;625.412842;118.791824
23;866.344910;625.404114;118.827423
24;866.286804;625.399902;118.914963
25;866.333130;625.393799;118.874542
26;866.304932;625.402100;118.901268
27;866.333435;625.408020;118.900002
28;866.374939;625.403137;118.833321
29;866.411255;625.395874;118.803703
30;866.384094;625.387939;118.812225
31;866.418152;625.391968;118.801811
32;866.417969;625.394653;118.799141
33;866.424194;625.395874;118.796654
34;866.435913;625.396240;118.785355
35;866.447083;625.398254;118.776421
36;866.423279;625.404846;118.827217
37;866.438171;625.388916;118.924141
38;866.453857;625.482849;118.950768
39;866.465149;625.509644;118.933739
40;866.470764;625.506958;118.922745
41;866.408081;625.521057;118.994148
42;866.383789;625.612122;118.982704
43;866.175171;625.300354;119.618889
44;865.967285;625.354004;119.724022
45;866.054077;625.422546;119.849182
46;866.036682;625.402649;119.948181
47;866.039185;625.336182;120.061180
48;865.989990;625.332642;120.179390
49;865.950012;625.291321;120.309402
50;865.901062;625.326050;120.294395
51;865.926941;625.311035;120.454468
52;865.841675;625.547485;120.565948
53;865.864563;625.492615;120.811424
54;865.802795;625.535950;120.991028
55;865.768188;625.535217;121.096611
56;865.974548;625.910645;120.478485
57;866.206665;626.161011;120.170387
58;866.279724;626.197571;120.274391
59;866.103027;625.934937;121.259941
60;865.920105;625.834778;121.655807
61;865.864929;625.990295;121.856163
62;865.899719;625.995361;121.971443
63;865.951660;625.992737;122.012161
64;865.947144;626.105042;121.844025
65;866.031189;626.014832;121.983513
66;866.077332;626.067749;122.021317
67;866.029114;625.997864;122.039764
68;865.991150;626.002380;121.902664
69;865.978882;626.000183;121.953506
70;865.962830;625.994446;121.995140
71;865.911072;626.022339;121.898026
72;865.928711;626.024597;121.823601
73;865.944519;625.988647;121.906891
74;865.912170;625.885315;121.965599
75;865.854980;625.900024;121.867439
76;865.845459;625.878906;121.867355
77;865.839478;625.806824;121.785751
78;865.737427;625.704102;121.725609
79;866.365906;625.429504;121.189728
80;866.043213;625.613220;121.265121
81;865.834351;625.562622;121.416504
82;865.788879;625.498596;121.415680
83;865.784546;625.492737;121.351768
84;865.758606;625.415100;121.352966
85;865.817200;625.377930;121.353905
86;865.861877;625.384766;121.363899
87;865.826721;625.321838;121.227264
88;865.841797;625.290833;121.201347
89;865.893738;625.140991;121.222389
90;865.982605;625.430237;120.464256
91;866.077271;625.129944;120.839600
92;866.097717;624.938965;120.865936
93;866.106750;624.847656;120.662025
94;866.131592;624.832275;120.396172
95;866.221985;624.739868;120.282440
96;866.257080;624.688904;120.370659
97;866.220032;624.572876;120.403389
98;866.250916;624.583801;120.289719
99;866.222961;624.607117;120.122215
100;866.255676;624.547668;120.050781
101;866.270264;624.480042;120.117378
102;866.230957;624.452881;120.155228
103;865.825989;624.435364;120.385574
104;866.039978;624.447327;120.320251
105;866.162537;624.515869;120.105972
106;866.210876;624.548340;120.170830
107;866.125244;624.625854;120.356827
108;866.110962;624.652771;120.706039
109;865.951660;624.706360;121.152367
110;865.898499;624.810547;121.404083
111;865.835632;624.824646;121.546608
112;865.776184;624.924377;121.655479
113;865.774902;625.041443;121.691254
114;865.706116;625.216919;121.560349
115;865.710632;625.357605;121.575890
116;865.736877;625.323486;121.695938
117;865.532471;625.254822;122.036972
118;865.627686;625.485291;121.985916
119;865.632324;625.607300;122.090096
120;865.588806;625.697449;122.134590
121;865.537292;625.797729;122.321754
122;865.494080;625.895020;122.516472
123;865.429138;626.004944;122.703400
124;865.178650;625.862427;123.303261
125;865.266968;626.118591;123.388260
126;865.367310;626.421204;123.418663
127;865.312500;626.548401;123.730133
128;865.177429;626.847534;124.256142
129;864.924194;627.080078;125.032303
130;864.485413;627.332092;125.916603
131;864.009094;627.478333;126.765976
132;863.693115;627.677551;127.336571
133;862.927734;627.825439;128.332458
134;862.338928;627.957458;128.869156
135;862.859497;628.134277;128.750305
136;862.972229;628.375244;129.423889
137;862.678955;628.560669;130.657318
138;862.313782;628.635376;131.673218
139;862.014648;628.831665;132.542160
140;861.750183;629.070190;133.251404
141;861.569092;629.126648;134.249329
142;860.960083;629.442444;135.651672
143;860.508423;629.861389;136.128876
144;859.585205;630.588318;137.401688
145;858.844971;631.056213;138.359970
146;858.161560;631.452942;139.122910
147;857.259644;631.858704;140.160995
148;856.224182;632.212219;141.247040
149;855.120544;632.601013;143.080322
150;853.840881;633.042664;144.404633
151;852.830505;633.505310;145.517090
152;851.608521;634.105713;146.300079
153;849.635559;634.477112;148.194550
154;848.802917;634.830750;149.151749
155;847.506531;635.251953;149.746017
156;845.834656;635.611877;151.018936
157;843.921204;635.739929;153.023438
158;841.908447;636.159119;154.314117
159;840.049622;636.481201;154.744873
160;838.188721;636.743713;155.831314
161;836.311951;636.920532;157.470505
162;833.754395;637.367126;158.987442
163;831.717712;637.997375;159.879181
164;828.727661;638.319092;161.101456
165;826.899963;638.182739;162.031525
166;823.980591;638.682922;163.149490
167;821.365234;638.652649;164.602814
168;818.820801;639.112488;165.587067
169;815.807373;639.397095;166.852631
170;812.693970;639.681458;168.097305
171;809.649841;639.761047;168.966003
172;806.250732;640.136536;170.308807
173;803.584045;640.565552;170.551834
174;800.159302;640.526550;171.541260
175;796.646484;640.677429;172.812973
176;793.564758;641.071838;172.640884
177;790.180420;641.091919;173.801407
178;786.528198;641.264038;174.792023
179;782.868103;641.714844;174.806976
180;779.740662;641.966614;175.334488
181;775.854126;642.137939;175.868576
182;772.056946;642.352661;176.249084
183;768.334595;642.564819;176.844421
184;764.936401;642.421326;176.559021
185;761.384766;642.687866;175.895370
186;757.445251;643.054565;175.899521
187;754.141785;643.099304;176.080078
188;750.064941;643.016907;176.421799
189;746.437195;643.348511;175.487213
190;742.939331;643.426575;174.912552
191;739.121216;643.366943;175.079987
192;735.373108;643.372742;175.176590
193;731.802856;643.659607;174.335037
194;727.700623;643.690613;174.221100
195;724.135986;643.927856;173.610947
196;720.509827;644.153564;172.813202
197;717.004211;643.956299;172.361237
198;713.693237;644.173828;171.633469
199;710.240967;644.503418;170.452515
200;706.918030;644.453491;169.889191
201;703.764343;644.515503;168.901001
202;700.308167;644.816589;167.687607
203;697.059204;644.846130;166.938766
204;693.900269;645.264099;165.820526
205;690.824219;645.539063;165.312378
206;687.382935;645.859009;164.503708
207;685.060547;646.038574;163.283585
208;681.566406;646.287964;162.609787
209;679.422607;646.640686;160.553574
210;676.480347;646.750610;160.029602
211;674.270935;646.599670;159.144745
212;671.416138;646.924438;158.427353
213;669.169373;647.075134;157.145035
214;667.146667;647.309631;156.209122
215;664.764221;647.335205;155.820053
216;662.699707;647.594360;154.107925
217;660.976379;647.608154;153.382538
218;658.733154;647.774902;152.875610
219;657.225098;647.934753;151.521500
220;655.395508;648.149719;150.773682
221;653.343628;648.097961;150.584671
222;651.898926;648.414063;149.098511
223;650.486206;648.426575;148.819901
224;648.885742;648.464233;148.225525
225;647.651611;648.454712;147.116180
226;646.570740;648.712341;145.974182
227;645.123352;648.807373;145.167068
228;643.968140;648.693970;144.954712
229;642.617554;648.623962;144.787369
230;641.741272;648.579163;143.723740
231;640.831543;648.781128;142.945313
232;639.551819;648.489746;142.738617
233;638.507874;648.550354;141.901581
234;637.829895;648.554565;140.865936
235;636.930420;648.664001;140.193634
236;635.871826;648.562378;139.666306
237;634.769836;648.412415;139.634689
238;633.980652;648.414490;139.355087
239;633.201111;648.226135;138.860428
240;632.644043;648.382446;137.294266
241;632.024597;648.629517;136.291321
242;631.178467;648.626953;135.922485
243;630.117065;648.504517;135.820099
244;629.246765;648.341003;135.698624
245;628.638245;648.206055;135.260269
246;628.252441;648.035034;134.597229
247;627.777893;648.243042;133.059021
248;627.381104;648.149902;132.070816
249;626.908325;647.859253;131.640076
250;626.366333;647.765991;131.423477
251;625.818115;647.657776;131.092331
252;625.341064;647.404663;130.792542
253;624.893860;647.236267;130.348785
254;624.689758;646.975281;129.353653
255;624.296082;646.685974;128.704529
256;623.914001;646.418945;128.583862
257;623.589355;646.214661;128.313385
258;623.482422;646.029419;127.487045
259;623.460266;645.787354;126.630791
260;623.301453;645.621399;125.692307
261;622.981995;645.486145;124.899940
262;622.688538;645.348816;124.507553
263;622.423035;645.596008;123.019234
264;622.432861;645.362854;121.890388
265;622.291382;644.954041;121.000999
266;622.293640;644.612366;120.173264
267;621.966003;644.583496;119.297768
268;621.893982;644.689209;117.942543
269;621.898682;644.557373;116.801041
270;621.835083;644.216797;115.474236
271;621.890320;643.918945;114.953369
272;622.062866;644.134155;114.599709
273;621.900391;644.350037;114.706680
274;622.043457;644.789001;114.324791
275;622.134705;645.056091;113.901649
276;622.145874;645.125427;113.723358
277;622.061218;645.452881;112.961662
278;622.410645;645.680176;112.356476
279;622.496948;645.729309;112.169624
280;622.492249;645.701172;112.129227
281;622.443970;645.688354;112.033478
282;622.521240;645.679932;111.932022
283;622.564880;645.589294;111.911598
284;622.496765;645.433899;111.929665
285;622.401794;645.294067;112.108742
286;622.389587;645.363281;112.146828
287;622.421448;645.358521;112.206108
288;622.482849;645.410889;112.153183
289;622.510742;645.405273;112.177040
290;622.552124;645.484985;112.239777
291;622.594788;645.508850;112.226105
292;622.732788;645.638794;111.996056
293;622.763489;645.664490;111.993294
294;622.888306;645.644104;111.935272
295;622.996338;645.627136;111.920921
296;623.065796;645.614685;111.871315
297;623.072693;645.615601;111.858887
298;623.082214;645.706055;111.810471
299;623.012634;645.780640;111.703323
300;623.080627;645.834839;111.712212
301;623.010986;645.878723;111.660233
302;622.979004;645.900452;111.688568
303;622.945007;645.914307;111.708237
304;622.861572;645.907959;111.766220
305;622.825195;645.977722;111.850212
306;622.796448;646.004883;111.815125
307;622.753845;646.128113;111.833389
308;622.789063;646.207275;111.919792
309;622.735474;646.311584;111.946724
310;622.817139;646.300659;112.011360
311;622.790222;646.390564;112.020622
312;622.768799;646.541321;112.015869
313;622.820679;646.642151;112.077164
314;622.879028;646.654236;112.084656
315;622.981201;646.703369;112.024658
316;623.046814;646.733337;112.053940
317;623.073059;646.863159;111.944595
318;623.180969;646.880981;111.854897
319;623.300171;646.901062;111.749428
320;623.285522;646.991455;111.668839
321;623.308655;646.996338;111.646667
322;623.307373;647.117371;111.573608
323;623.225159;647.171814;111.662064
324;623.412354;647.101624;111.617523
325;623.332825;647.183228;111.792397
326;623.329346;647.137939;111.710686
327;623.178833;647.184265;111.860008
328;623.116882;647.153931;111.985214
329;622.999268;647.124451;112.192543
330;622.932495;647.117371;112.291855
331;622.877014;647.079712;112.354362
332;622.997131;647.102539;112.471207
333;622.830811;647.095276;112.490257
334;622.754578;647.000183;112.528610
335;622.716797;646.949402;112.523148
336;622.713806;646.940063;112.628738
337;622.677246;646.884399;112.637459
338;622.620728;646.819153;112.697327
339;622.588318;646.822144;112.761826
340;622.627319;646.849243;112.726265
341;622.640564;646.760620;112.736626
342;622.603333;646.727356;112.770172
343;622.544373;646.742737;112.895714
344;622.514832;646.719666;112.945129
345;622.496887;646.599976;113.051506
346;622.514099;646.594482;113.009872
347;622.494385;646.628174;113.028343
348;622.454224;646.632874;113.077530
349;622.392700;646.555908;113.197800
350;622.422729;646.673096;113.249130
351;622.374023;646.730042;113.398064
352;622.308411;646.765747;113.400879
353;622.424866;647.057312;113.253754
354;622.439697;647.123657;113.346878
355;622.342834;646.947693;114.135628
356;622.163391;647.029846;114.730034
357;622.058960;647.153687;114.919258
358;622.048035;647.484436;115.296417
359;621.910583;647.716736;115.713982
360;621.886047;647.993164;116.236496
361;621.774597;648.262817;116.626717
362;621.700073;648.716064;117.018272
363;621.612488;649.205933;117.182335
364;621.568909;649.715454;117.464783
365;621.464722;650.216614;117.922783
366;621.151306;650.809875;118.610626
367;620.906067;651.784424;119.637405
368;620.710632;652.709717;120.559021
369;620.731506;653.449280;120.937927
370;620.954590;654.346741;121.407791
371;620.787170;655.554993;122.597275
372;620.749329;656.757263;123.822502
373;620.534851;657.713257;124.620506
374;620.389648;659.210632;125.769363
375;620.226440;660.440796;127.604706
376;620.482483;661.674683;128.951080
377;620.473511;663.275269;130.493546
378;620.420532;664.620911;131.896744
379;620.169983;666.385925;133.868301
380;619.729492;667.931091;135.698883
381;619.594421;669.907532;137.532562
382;619.384094;671.539551;138.550140
383;619.086365;673.760925;140.343613
384;618.606506;676.140015;141.795105
385;618.293579;678.431885;143.085510
386;617.429138;681.041443;145.007797
387;617.144653;683.825256;146.217941
388;616.674194;686.513855;147.546219
389;616.021240;689.088867;148.644623
390;615.381592;691.943176;149.671448
391;614.363403;694.943604;151.307007
392;613.580078;698.143433;152.436157
393;612.789734;701.241882;153.270370
394;611.770386;704.341431;154.715805
395;611.030945;707.122437;155.265747
396;609.808411;710.793823;156.140549
397;609.097534;713.754089;156.519989
398;607.583862;717.049377;157.934418
399;606.885986;720.328430;158.676544
400;605.975220;723.909363;158.334106
401;605.165161;727.403015;159.073090
402;604.080688;730.764160;159.819214
403;603.170227;734.201843;159.880722
404;602.319397;737.821777;159.805649
405;601.524780;741.328003;160.475906
406;600.564514;744.820129;161.022064
407;599.273621;748.175354;161.748428
408;597.966125;751.791565;162.048508
409;597.269897;755.595886;162.141769
410;596.030945;759.063354;162.933777
411;594.869690;762.569397;162.875778
412;594.276672;765.887695;162.710175
413;593.191467;769.235046;163.194901
414;592.564392;772.186523;162.670242
415;591.004395;775.130676;163.243881
416;590.204590;778.211304;162.758759
417;589.030640;781.093750;162.457840
418;588.186340;783.605469;162.411484
419;587.146729;786.525085;162.359589
420;586.299744;789.201782;161.724991
421;585.694885;791.859741;161.749710
422;584.661926;794.478271;161.851639
423;583.534485;796.893250;161.338669
424;582.716187;799.336975;161.222214
425;581.910767;801.617798;161.033051
426;581.208008;803.820251;160.950989
427;580.371399;806.127747;160.218079
428;579.453186;808.302734;160.285156
429;578.747742;810.050842;160.208069
430;577.979614;812.447998;159.891632
431;577.321228;814.141602;159.241272
432;576.893799;816.062866;158.866959
433;576.273376;817.529114;158.214233
434;575.858398;819.190796;157.580429
435;575.124756;820.713745;157.036530
436;574.654114;821.905090;156.614349
437;574.186218;823.176758;155.737274
438;573.550354;824.280151;154.799713
439;572.635742;825.336670;154.666138
440;572.135132;826.466431;154.120605
441;571.716003;827.658569;153.177185
442;571.009033;828.423645;152.238556
443;570.263184;829.280151;152.045258
444;569.700134;830.358459;151.503952
445;569.297241;831.554016;150.391754
446;569.006287;832.490723;149.422760
447;568.529846;833.068298;148.845428
448;568.421753;833.825073;147.943283
449;567.965698;835.122803;146.895676
450;567.401428;836.025208;146.079239
451;567.002258;836.461365;145.429413
452;566.633789;837.005066;144.557419
453;566.169006;837.647461;143.356506
454;565.586609;838.329285;142.754333
455;564.953613;839.007629;142.441254
456;564.536682;839.505188;142.058975
457;564.055542;839.964539;141.086868
458;563.405090;840.322571;140.665649
459;562.575989;840.609314;140.517807
460;562.524414;840.716614;139.726990
461;562.105408;840.978088;138.676117
462;561.648499;841.290710;137.940353
463;561.312256;841.474731;137.315506
464;560.726685;841.541809;136.960251
465;560.371033;841.684814;136.499954
466;560.089478;841.886292;135.958267
467;559.433533;841.867310;135.242966
468;559.052429;842.272827;134.325974
469;558.491211;842.677307;133.568771
470;558.517273;842.779907;132.716904
471;558.298828;842.883484;132.338760
472;557.636902;843.036133;131.926758
473;556.938354;843.201355;131.466263
474;556.451599;843.343384;131.431870
475;555.989502;843.713928;130.759094
476;555.672180;843.999329;130.298904
477;555.243896;844.274902;129.638351
478;555.034180;844.536560;128.796509
479;554.894897;844.708618;128.161530
480;554.571167;844.879578;127.915413
481;554.209106;845.037781;127.762878
482;553.820374;844.921204;127.879761
483;553.434570;844.990967;127.724533
484;553.048645;845.114929;127.306290
485;552.752502;845.316101;126.717079
486;552.329041;845.576416;126.075974
487;551.967346;845.616882;125.871895
488;551.492371;845.728088;125.671768
489;551.042908;845.737000;125.437454
490;550.646790;845.869385;125.424797
491;550.185181;845.884460;125.071579
492;549.741455;845.938171;124.708092
493;549.105408;846.161560;124.085136
494;548.952576;846.462158;123.557777
495;548.799194;846.600952;123.339592
496;548.564087;846.738220;123.061020
497;548.365417;846.872864;122.752991
498;548.030212;847.029724;122.340439
499;547.555176;847.152771;121.975876
500;547.348938;847.161133;121.842041
501;547.182373;847.210144;121.153656
502;547.017761;847.318115;120.256905
503;547.671997;847.290100;118.324036
504;548.030090;847.162598;117.336349
505;547.811768;847.098633;116.871788
506;547.460938;847.059082;116.432388
507;547.176514;846.913818;116.112328
508;547.005676;846.916443;115.844727
509;546.633057;846.836182;115.955124
510;546.403931;846.765869;115.539742
511;546.374817;846.867432;115.100899
512;546.347595;847.097900;114.666962
513;546.362366;847.241333;113.795227
514;546.188599;847.264587;113.288742
515;545.947144;847.309082;112.862297
516;545.713745;847.265625;112.703384
517;545.402283;847.166931;112.650368
518;545.195862;847.069824;112.599579
519;545.197876;846.963501;112.201958
520;545.192627;846.847351;112.069542
521;545.102783;846.778381;111.956879
522;545.028320;846.691467;111.899254
523;544.902832;846.587769;111.908180
524;544.848694;846.465393;111.904518
525;544.849670;846.442505;111.881813
526;544.909241;846.560669;111.854843
527;544.902466;846.630066;111.628738
528;544.949646;846.716248;111.644058
529;544.986389;846.772156;111.677338
530;544.966309;846.884705;111.651978
531;544.821838;846.919250;111.414337
532;544.914063;847.130066;111.369461
533;544.989380;847.247009;111.363281
534;544.950256;847.285217;111.267555
535;544.934082;847.326599;111.241737
536;544.915466;847.348633;111.245506
537;544.903625;847.381226;111.218407
538;544.867371;847.384521;111.166664
539;544.917664;847.357971;111.080132
540;544.965576;847.367981;111.032837
541;545.010132;847.342651;110.989906
542;545.143677;847.299561;110.719032
543;545.137268;847.256104;110.752487
544;545.342102;847.322998;110.619354
545;545.203369;847.198242;110.513298
546;545.514709;847.172058;109.895393
547;545.488525;847.273071;109.602783
548;545.486755;847.174927;109.979279
549;545.640625;847.084045;109.503242
550;545.835449;847.125061;109.187363
551;545.974060;847.076843;109.344025
552;545.821045;847.093628;109.156006
553;545.880371;847.143982;109.004196
554;545.863647;847.039612;109.036369
555;545.859375;847.049500;109.023361
556;545.862610;847.059021;108.950478
557;545.869446;847.047974;108.874992
558;545.895996;847.036011;108.997299
559;545.960449;847.018799;108.467484
560;546.093079;847.067993;108.212440
561;546.000671;847.155701;108.606705
562;545.769409;847.101440;108.616035
563;545.796997;847.152283;108.717773
564;545.919861;847.082458;108.334579
565;545.871155;847.173523;108.626183
566;545.827026;847.229004;108.755196
567;545.917603;847.221497;108.813766
568;545.891357;847.163086;108.378654
569;545.770691;847.216248;108.766006
570;545.669006;847.305908;108.964531
571;545.669373;847.214661;108.645798
572;545.531921;847.315674;108.907791
573;545.479065;847.290344;109.174614
574;545.392029;847.254333;109.269966
575;545.368652;847.281128;109.195313
576;545.363892;847.433899;109.313522
577;545.019348;847.241760;109.476418
578;545.145142;847.384583;109.573105
579;545.281372;847.537903;109.329460
580;545.311951;847.537781;109.513428
581;545.211182;847.448792;109.769302
582;545.223572;847.474304;109.858780
583;545.177490;847.396118;110.110596
584;545.105591;847.367371;110.256447
585;545.165771;847.357788;110.323364
586;545.116760;847.310425;110.290215
587;545.050781;847.245911;110.499969
588;544.824036;847.036865;110.532257
589;544.743713;847.004333;110.545525
590;544.861511;847.142029;110.598106
591;544.776489;847.171753;110.642845
592;544.579285;846.977112;110.940620
593;544.469666;846.947205;111.167458
594;544.302429;846.924316;111.312286
595;544.117859;846.916748;111.452324
596;544.018005;846.895752;111.662819
597;543.842163;846.900818;111.853142
598;543.860229;847.187012;111.218094
599;543.709167;846.874512;111.994003
600;543.491455;846.920166;112.287735
601;543.376282;846.887512;112.559914
602;543.235962;846.861206;112.737671
603;543.074585;846.810913;113.011124
604;542.959595;846.885132;113.218590
605;542.848999;846.881104;113.648460
606;542.728149;846.823669;113.829842
607;542.409119;846.776367;114.153610
608;541.991943;846.565735;114.475945
609;541.608398;846.362183;115.028198
610;541.321350;846.032776;115.277260
611;540.661560;845.530762;115.992172
612;540.107605;845.009949;116.501869
613;539.940735;844.350708;116.755516
614;539.186279;843.656189;117.336449
615;538.638489;842.945129;118.150658
616;538.450378;842.494690;118.585938
617;537.950500;841.779053;119.142227
618;537.474854;840.362488;120.479469
619;536.777344;839.139160;121.453056
620;536.336487;838.133484;122.125000
621;535.948914;836.484680;123.238319
622;535.617371;835.225342;123.810143
623;534.821960;833.233582;125.229607
624;534.009583;831.452393;127.462135
625;533.609375;829.510742;128.523392
626;532.726379;827.606995;130.044052
627;532.062988;824.763000;131.661804
628;531.688171;822.501648;132.560898
629;531.317505;819.843140;134.199554
630;530.540833;816.867371;136.183746
631;529.721191;813.550415;137.790863
632;528.837524;810.160583;139.711182
633;528.090027;806.924377;141.028259
634;527.309204;803.311890;142.530243
635;526.659485;799.726929;143.732758
636;526.088013;795.826294;145.240036
637;525.269226;791.817383;147.257843
638;524.642761;787.365723;149.053574
639;523.752808;782.753906;150.486237
640;523.318420;778.346985;152.124557
641;522.757446;774.148621;152.803589
642;522.339294;769.336243;154.108215
643;521.611328;764.612915;155.956802
644;521.251709;759.994751;157.885941
645;520.995605;755.091309;158.802765
646;520.516479;749.826538;159.643356
647;520.234741;744.809753;159.990356
648;519.708435;739.748840;161.628815
649;519.380798;734.756287;162.844437
650;519.209900;729.375549;163.336365
651;519.381470;723.883728;163.682632
652;519.148743;718.486877;164.783188
653;518.958862;712.791260;164.749176
654;519.096069;707.377075;165.511185
655;519.038574;701.629517;165.535141
656;518.796143;696.286743;166.242706
657;519.123474;690.619019;165.702255
658;519.174500;685.117676;165.669968
659;519.328369;679.447754;165.587143
660;519.244751;673.724304;166.079376
661;519.706055;667.858215;165.335327
662;519.636047;662.470276;165.877930
663;519.839478;656.697449;164.775970
664;519.803650;651.207336;164.593765
665;520.099426;645.924194;163.913376
666;519.988770;640.355225;163.352570
667;520.262512;635.172546;163.561737
668;520.424072;629.869446;162.733475
669;520.070313;624.810608;162.152420
670;520.336975;619.320313;161.953415
671;520.648315;614.590637;161.292862
672;520.504395;609.552979;160.373260
673;520.625183;604.699280;160.259232
674;520.544678;600.063660;159.208374
675;520.481750;595.346863;158.896561
676;520.420776;590.875610;157.686356
677;520.259216;586.757019;157.239029
678;520.397339;581.813477;156.493408
679;520.210205;577.721741;155.899078
680;520.294495;573.728577;154.696533
681;520.200806;569.974243;153.683472
682;520.103882;566.037659;153.055908
683;519.883850;561.953003;151.542419
684;519.863342;558.245361;151.397720
685;519.603271;554.474121;150.196396
686;519.573303;551.059570;149.352280
687;519.375610;547.622681;148.030533
688;518.995605;544.390259;147.493958
689;518.931946;541.222473;146.518875
690;518.978027;538.414429;145.418198
691;518.549744;535.441223;144.273605
692;518.294617;532.510254;143.865662
693;518.262939;529.689331;143.268555
694;517.868958;527.159363;142.993439
695;517.651001;524.848633;141.684784
696;517.424133;522.627808;140.446762
697;517.175049;520.320557;140.358505
698;516.759644;518.026245;139.769165
699;516.687622;515.940430;139.096451
700;516.699829;514.336182;137.968781
701;516.374817;512.281311;137.064224
702;516.165222;510.874725;136.088669
703;516.094421;508.729309;135.241425
704;516.094971;507.214172;135.115112
705;515.824341;505.631348;135.009445
706;515.988342;504.145905;134.074051
707;516.064697;502.669342;132.868256
708;515.952271;501.139374;132.163681
709;515.836060;500.138824;131.843658
710;515.563416;498.797272;131.299149
711;515.599915;497.730652;130.134781
712;515.767517;496.847961;129.411865
713;515.677307;495.557526;129.099396
714;515.462952;494.310303;128.901108
715;515.538513;493.451416;128.840179
716;515.418213;492.735474;128.696823
717;514.975952;491.828491;128.415131
718;514.697510;490.846619;127.779198
719;514.722046;490.093292;126.989769
720;514.575256;489.703918;126.373436
721;514.452698;489.266052;125.694687
722;514.226807;488.730438;125.282196
723;514.115601;488.124451;124.993561
724;513.919434;487.662933;124.661758
725;513.938354;487.226929;124.261963
726;513.965759;486.776520;123.947060
727;513.829041;486.267426;123.487183
728;513.666321;485.580109;123.109550
729;513.420654;485.037048;122.562469
730;513.139160;484.533875;122.280708
731;512.952454;484.111115;122.303352
732;512.836609;483.779877;122.142120
733;512.656982;483.437317;121.795975
734;512.571411;483.023499;121.485794
735;512.638550;482.651611;121.100433
736;512.719177;482.295990;120.692299
737;512.627808;481.936584;120.334129
738;512.470276;481.609344;120.117592
739;512.310547;481.295227;120.076195
740;512.111694;480.950012;119.964966
741;512.079529;480.647156;119.841202
742;511.951355;480.450134;119.761345
743;511.685608;480.276459;119.572609
744;511.618774;480.134460;119.315193
745;511.437622;480.008667;118.862381
746;511.287567;479.955933;118.231567
747;511.151520;479.766418;117.925636
748;510.967468;479.409698;117.848442
749;510.719635;478.997467;117.805153
750;510.430786;478.666351;117.742859
751;510.186340;478.264374;117.586617
752;509.890503;477.898773;117.398834
753;509.837830;477.601227;117.240929
754;509.706329;477.178650;117.027374
755;509.648590;476.851379;116.780884
756;509.625946;476.513245;116.548073
757;509.678558;476.169098;116.424171
758;509.674225;475.822845;116.104149
759;509.694641;475.309753;115.847008
760;509.698059;474.755280;115.591698
761;509.969696;474.225037;115.178185
762;510.161499;473.734863;114.595818
763;510.399902;473.289185;114.276466
764;510.599365;472.882690;114.006233
765;510.938080;472.337555;113.554359
766;511.203735;471.723083;112.807350
767;511.387573;471.349823;112.364677
768;511.507690;471.053375;111.969681
769;511.542053;470.912689;111.594284
770;511.635040;470.686554;111.321159
771;511.909393;470.501587;111.019745
772;511.903931;470.152557;110.732918
773;511.828003;470.030731;110.719521
774;511.620605;469.980255;110.693764
775;511.395935;469.696350;111.228882
776;511.354004;469.633453;111.203537
777;511.344849;469.579071;111.071419
778;511.401215;469.346161;110.951248
779;511.486145;469.090851;110.881645
780;511.591278;468.746674;110.664497
781;511.526703;468.539886;110.575378
782;511.406830;468.316376;110.502098
783;511.367798;468.049347;110.432808
784;511.355164;467.773193;110.291214
785;511.370117;467.574707;110.002640
786;511.366852;467.351624;109.868111
787;511.273987;467.106995;109.833313
788;511.270020;466.910919;109.758743
789;511.231232;466.711060;109.621452
790;511.244202;466.583130;109.451248
791;511.183167;466.557678;109.346169
792;511.121490;466.410736;109.134544
793;511.120758;466.387451;109.102928
794;511.033173;466.419250;109.094917
795;510.958527;466.333527;109.155190
796;510.892670;466.323975;109.390587
797;510.825623;466.245728;109.503891
798;510.792267;466.211243;109.516174
799;510.753967;466.155884;109.553413
800;510.728088;466.131012;109.567421
801;510.753479;466.044586;109.582130
802;510.700378;466.000793;109.408401
803;510.660889;465.992798;109.250641
804;510.720062;465.911987;109.199409
805;510.666992;465.785919;109.098213
806;510.630646;465.764648;108.964973
807;510.620483;465.681122;108.860947
808;510.596649;465.583008;108.759705
809;510.641663;465.537048;108.641289
810;510.610748;465.426636;108.513771
811;510.543640;465.343719;108.479645
812;510.553680;465.225647;108.466972
813;510.551819;465.188660;108.400932
814;510.573212;465.095978;108.359650
815;510.549377;464.976349;108.365440
816;510.517273;464.873688;108.438118
817;510.462311;464.735046;108.457069
818;510.610779;464.735748;108.343636
819;510.640198;464.667603;108.318359
820;510.596252;464.539093;108.321487
821;510.533813;464.448059;108.404869
822;510.449280;464.354980;108.390793
823;510.413849;464.417877;108.666893
824;510.389557;464.287964;108.471565
825;510.339111;464.164001;108.446381
826;510.282440;464.101379;108.476974
827;510.291840;464.110046;108.477776
828;510.296906;464.001770;108.408676
829;510.302521;463.984528;108.393219
830;510.299011;463.988861;108.308594
831;510.333466;464.069427;108.225121
832;510.364441;464.095154;108.193779
833;510.366180;464.092346;108.195930
834;510.421265;464.168884;108.124420
835;510.445923;464.176056;108.059090
836;510.498505;464.239502;107.849335
837;510.517761;464.260162;107.810272
838;510.532928;464.336517;107.785919
839;510.539185;464.320587;107.587379
840;510.615448;464.306976;107.420067
841;510.614502;464.397614;107.278709
842;510.612946;464.416260;107.262543
843;510.620422;464.382019;107.197426
844;510.621948;464.495056;107.135338
845;510.616882;464.454346;106.930809
846;510.617767;464.456146;106.780495
847;510.598450;464.437225;106.752197
848;510.645386;464.439697;106.674942
849;510.645111;464.513550;106.658600
850;510.583191;464.518707;106.585869
851;510.652161;464.498718;106.477356
852;510.678345;464.530914;106.432999
853;510.693298;464.495728;106.392220
854;510.600616;464.511780;106.370010
855;510.545319;464.517975;106.353783
856;510.584229;464.537567;106.319084
857;510.449432;464.472290;106.337418
858;510.365967;464.462250;106.397888
859;510.215027;464.395996;106.400871
860;510.018921;464.441559;106.447540
861;509.841949;464.464294;106.676666
862;509.712677;464.403412;106.893265
863;509.537415;464.343414;107.058441
864;509.404541;464.275574;107.245193
865;509.240173;464.197235;107.491272
866;509.047485;464.034790;108.027290
867;508.881531;463.951019;108.591637
868;508.697266;463.922150;109.001198
869;508.625610;463.977905;109.544556
870;508.420441;464.152313;110.018425
871;508.383514;464.447937;110.236046
872;508.338074;464.731079;110.440277
873;508.466888;465.213074;110.936539
874;508.565155;465.622528;111.367584
875;508.644135;466.050385;111.688240
876;508.825165;466.535553;111.978836
877;508.999939;467.205872;111.952614
878;509.093079;467.864716;112.249657
879;509.350525;468.778564;112.777771
880;509.392242;469.596252;113.526024
881;509.440796;470.601501;114.770203
882;509.607422;471.768494;115.851707
883;509.659393;473.049622;116.717125
884;509.632935;474.513672;117.895081
885;509.577118;476.367218;118.904625
886;509.682098;477.755188;119.816124
887;509.704651;479.749054;120.862373
888;509.936768;481.590179;122.225685
889;510.140747;483.607208;123.203506
890;510.353424;485.481354;124.612579
891;510.214264;487.326324;126.031303
892;510.392334;488.741547;127.248596
893;510.812775;490.849915;129.347916
894;511.139832;492.940063;130.264679
895;511.215393;495.257050;131.648346
896;511.303864;497.476135;133.270126
897;511.445862;499.642273;135.069504
898;511.574158;501.856445;136.797760
899;511.733612;504.714172;137.954575
900;511.484070;507.372803;139.859192
901;511.748627;510.040497;141.477066
902;511.810059;512.745361;143.410492
903;511.711456;515.705566;145.405548
904;511.685669;519.164734;147.115524
905;511.814240;522.473877;148.105469
906;511.733154;526.571106;149.595245
907;511.555878;529.791260;150.832489
908;511.375610;533.358337;152.965897
909;511.096985;537.525940;154.468414
910;510.935547;541.716125;155.273880
911;510.711395;546.231201;156.507675
912;510.616547;550.374512;157.629074
913;510.173798;554.610474;159.366302
914;509.895538;559.213928;160.133148
915;509.664185;564.091003;161.049759
916;509.490051;568.445129;162.203751
917;509.292084;573.147827;162.905655
918;509.504089;578.049194;163.442642
919;509.222351;582.542480;164.246735
920;509.244263;587.867554;164.692200
921;508.897369;592.532654;165.649948
922;509.272125;597.703613;165.922638
923;509.274078;602.637146;166.552032
924;509.675995;607.900269;166.503311
925;509.546112;612.923645;167.495209
926;509.539978;618.288269;167.638702
927;509.924835;623.049316;167.876999
928;510.206787;628.247375;167.901779
929;510.391541;633.478943;168.329010
930;510.551697;638.627502;169.114075
931;511.059479;643.856689;168.633850
932;511.771454;648.551086;168.785049
933;511.919250;653.903381;168.955414
934;512.389709;658.911987;169.028961
935;513.021057;664.013733;168.545303
936;513.525452;669.228271;168.726532
937;514.098145;674.174988;168.535950
938;514.861450;679.023438;168.886612
939;515.680359;684.261597;168.072830
940;516.606567;688.923706;167.969559
941;517.258606;694.367493;167.713135
942;517.910889;698.911743;167.714600
943;518.533813;703.956909;167.183807
944;519.380798;708.546021;167.054840
945;520.203735;712.984924;167.204163
946;521.093750;717.420227;166.535431
947;522.127014;721.740601;165.829330
948;522.585388;725.936890;165.447632
949;523.508545;730.269348;165.513794
950;524.294861;734.573059;164.440460
951;525.377686;738.646606;164.047302
952;526.129944;742.518860;163.381378
953;527.136169;746.382446;163.162567
954;527.790771;750.247192;162.929428
955;528.571106;753.859741;162.742859
956;529.561523;757.498596;161.602707
957;530.626648;760.995972;161.041733
958;531.403503;764.892639;160.993195
959;532.052490;768.492981;160.782608
960;532.835693;771.982422;160.100845
961;533.757507;775.235107;158.908615
962;534.528931;778.133362;158.793091
963;535.083679;781.452332;157.991791
964;535.508240;784.373779;158.154999
965;536.447510;787.400208;157.781738
966;537.024536;790.283752;156.795456
967;537.821411;792.889893;156.173584
968;538.336121;795.234436;155.769470
969;538.757874;797.720276;155.247192
970;539.457031;800.343567;154.507034
971;540.012817;802.503418;154.064194
972;540.605896;804.790710;152.895569
973;541.140320;807.147888;152.526825
974;541.534790;809.182373;151.981232
975;542.141602;811.487183;151.584198
976;542.108459;813.316223;151.553101
977;542.364563;815.396790;151.250504
978;542.936401;817.106873;150.929657
979;543.353821;818.431702;149.795609
980;543.156189;820.094849;149.738358
981;543.635132;821.555054;148.936539
982;544.003601;823.352478;148.401779
983;543.999695;825.632080;148.024887
984;543.761047;826.568909;147.639160
985;544.132507;827.499634;145.994278
986;544.140076;828.782227;146.051025
987;543.736938;829.742310;146.120163
988;544.075073;830.255920;145.756470
989;544.664429;830.960571;145.158920
990;544.956787;831.954468;144.453812
991;545.091309;832.770630;143.991547
992;545.113647;833.546875;143.143784
993;544.897827;834.141846;142.586761
994;544.792969;834.690063;142.164413
995;544.558838;835.499268;141.807617
996;544.382629;836.224548;141.482620
997;543.981201;836.685974;141.676743
998;543.528137;837.161255;141.015778
999;543.286621;837.512024;140.695938
1000;543.141418;837.842651;140.493668
1001;542.905029;838.194214;139.781082
1002;543.248413;838.193848;138.310104
1003;543.190552;838.436707;137.550629
1004;543.025757;838.838074;136.597366
1005;543.013428;839.162170;135.914932
1006;542.904541;839.276855;135.513306
1007;542.868652;839.494385;134.927307
1008;542.714233;839.776123;133.949493
1009;542.258118;839.833191;133.456375
1010;542.005127;840.084351;132.723755
1011;542.024170;840.577637;131.926010
1012;542.013855;840.824036;131.238251
1013;541.862915;841.050537;130.891098
1014;541.437988;841.222900;130.470474
1015;541.100586;841.469788;130.006332
1016;540.665283;841.463745;129.941406
1017;540.025269;841.583923;129.344116
1018;540.268188;841.871643;128.480820
1019;540.669617;841.883240;127.435730
1020;540.659180;841.946594;126.726685
1021;540.482910;841.866943;126.310928
1022;540.212830;841.773804;125.903137
1023;539.922058;841.709290;125.550934
1024;539.647339;841.698547;124.758476
1025;539.496460;841.729309;123.764618
1026;539.803711;841.846741;122.970238
1027;540.061646;841.756714;122.240044
1028;540.142761;841.639221;121.580475
1029;539.995728;841.608948;120.900627
1030;539.790405;841.659790;120.368729
1031;539.507263;841.523315;120.162773
1032;539.421997;841.595825;119.301781
1033;539.575989;841.928284;118.340675
1034;539.680420;842.126526;117.904976
1035;539.752502;842.194702;117.411423
1036;539.733215;842.211426;116.895203
1037;539.587280;842.322693;116.729240
1038;539.353943;842.492859;116.491333
1039;539.183838;842.528992;116.357422
1040;538.899475;842.657593;116.146202
1041;538.522156;842.689514;116.273926
1042;538.294983;842.829285;116.145142
1043;538.260010;842.905151;115.626221
1044;538.027588;843.028687;114.979492
1045;538.187073;843.050598;114.785698
1046;538.044434;843.215332;114.457649
1047;538.055115;843.283691;114.181854
1048;538.022827;843.322754;113.940948
1049;537.976746;843.352722;113.813629
1050;537.866821;843.342346;113.872147
1051;537.800171;843.328735;113.916260
1052;537.711975;843.426758;113.929161
1053;537.804382;843.496765;113.989777
1054;537.640564;843.568665;114.019241
1055;537.342773;843.524597;114.447266
1056;537.452942;843.729187;114.243080
1057;537.609375;843.900757;114.017174
1058;537.681824;844.112244;113.807266
1059;537.756470;844.198669;113.726501
1060;537.925049;844.429199;113.545959
1061;537.811462;844.427551;113.360344
1062;537.865173;844.493713;113.111099
1063;537.930359;844.542847;112.697906
1064;537.965576;844.539246;112.394852
1065;537.933533;844.581238;111.980843
1066;537.994141;844.539551;111.719719
1067;537.850586;844.296326;111.940529
1068;537.762756;844.184143;111.806274
1069;537.877075;844.125427;111.540596
1070;537.943420;843.996277;111.287254
1071;538.067261;843.909241;111.016647
1072;538.236206;843.856934;110.839569
1073;538.374329;843.862488;110.556496
1074;538.450684;843.932556;110.031288
1075;538.658264;843.958557;109.788658
1076;538.720398;843.868713;109.788948
1077;538.713074;843.829529;109.883705
1078;538.706787;843.849915;109.856285
1079;539.061768;843.821289;109.409065
1080;538.955383;843.749023;109.673943
1081;539.038757;843.711792;109.403961
1082;538.899231;843.832642;109.679039
1083;538.801880;843.744873;109.925339
1084;538.770813;843.711609;109.980232
1085;539.029175;843.799805;109.560638
1086;538.900391;843.714600;110.201096
1087;538.707336;843.616760;110.692551
1088;538.639893;843.604858;110.800217
1089;538.630310;843.610291;110.767517
1090;538.617737;843.663452;110.583679
1091;538.634277;843.914673;110.082085
1092;538.690247;843.842468;110.314087
1093;538.574341;843.900452;110.130363
1094;538.581665;843.954529;109.989754
1095;538.912903;843.912964;109.487930
1096;538.779114;843.977661;109.701683
1097;538.584229;843.943909;110.036926
1098;538.442871;843.803955;110.470078
1099;538.398193;843.859192;110.569969
1100;538.367920;843.889221;110.556870
1101;538.332153;843.885986;110.590302
1102;538.276611;843.872498;110.690697
1103;538.201782;843.829468;110.874687
1104;538.152527;843.809814;110.968109
1105;538.071655;843.815491;111.016144
1106;538.005737;843.826477;110.980942
1107;538.002808;843.904663;110.996407
1108;537.969849;843.818481;111.025848
1109;537.953064;843.785706;111.077065
1110;537.908020;843.785461;111.129189
1111;537.933899;843.782166;111.179283
1112;537.914612;843.754028;111.244400
1113;537.973511;843.759705;111.197685
1114;538.000916;843.766785;111.160942
1115;538.005310;843.746521;111.272713
1116;537.988525;843.639954;111.302032
1117;538.017761;843.634766;111.275070
1118;538.101624;843.597046;111.434456
1119;538.036743;843.601868;111.402817
1120;538.007996;843.603271;111.446945
1121;538.015808;843.675781;111.552612
1122;537.980713;843.701660;111.520439
1123;537.992859;843.701477;111.503845
1124;537.942078;843.705688;111.527145
1125;537.872498;843.713928;111.502151
1126;537.826782;843.692688;111.550125
1127;537.820313;843.773071;111.571777
1128;537.703491;843.780518;111.722244
1129;537.601013;843.767944;111.773666
1130;537.652222;843.929016;111.575195
1131;537.689636;843.980774;111.483353
1132;537.643005;843.975830;111.579292
1133;537.601013;843.960693;111.647041
1134;537.556519;843.952393;111.711037
1135;537.527344;843.945190;111.854904
1136;537.499817;843.969238;111.805725
1137;537.558594;843.931458;111.916954
1138;537.495850;843.836121;112.026070
1139;537.444153;843.840393;112.013306
1140;537.451599;843.720459;112.172752
1141;537.414001;843.693848;112.272537
1142;537.325378;843.645935;112.160568
1143;537.253601;843.639038;112.167786
1144;536.948181;843.395325;112.627747
1145;536.938904;843.474915;112.584885
1146;536.863892;843.534058;112.503479
1147;536.283997;843.463806;113.324081
1148;535.919373;843.471802;113.941521
1149;535.538818;843.387146;114.343918
1150;535.119019;843.401978;114.861938
1151;534.690674;843.375916;116.479492
1152;534.289063;843.202698;117.470551
1153;534.054993;843.002380;117.970947
1154;534.046082;842.939514;118.092331
1155;534.070740;842.839478;118.274208
1156;534.006775;842.716064;118.613556
1157;533.945068;842.385864;118.997406
1158;533.984131;841.860474;119.272591
1159;533.892883;841.001770;120.575562
1160;534.196594;840.101440;121.443413
1161;534.791504;839.351929;122.487602
1162;535.366638;838.817627;123.028122
1163;535.617249;837.701660;124.016312
1164;536.125366;836.304199;125.134727
1165;536.724792;835.153809;126.341103
1166;536.938232;833.872681;127.932701
1167;537.662170;832.072754;129.591492
1168;538.041321;830.530151;131.100540
1169;538.541992;828.457520;132.589432
1170;539.532959;826.290344;133.761871
1171;540.381775;824.054260;135.090775
1172;541.021179;821.543274;137.009216
1173;542.601196;819.103271;138.205505
1174;543.097778;816.537292;140.271729
1175;544.758362;813.208069;141.662674
1176;546.102600;810.434509;142.674118
1177;547.863342;807.338989;144.020538
1178;549.418030;804.159912;145.157074
1179;550.927673;800.808655;146.547714
1180;552.794128;797.341187;147.775070
1181;554.366699;793.751892;149.074982
1182;556.043091;790.119080;150.167908
1183;558.154846;786.357788;150.791473
1184;559.646790;782.633850;151.918442
1185;561.451843;778.862915;152.152222
1186;563.177490;775.085510;153.109695
1187;564.994202;771.387573;153.568817
1188;566.597961;767.555542;154.105179
1189;569.197815;763.758972;153.620667
1190;570.927917;759.991760;154.028748
1191;572.621643;756.548889;154.120758
1192;574.732727;752.687439;153.609146
1193;576.561035;748.935730;153.947098
1194;579.116577;745.058350;153.420120
1195;580.943481;741.395752;153.352829
1196;582.970825;737.759155;152.863220
1197;584.927734;734.570801;152.684189
1198;586.533752;730.881287;153.170975
1199;588.384094;727.713745;152.662704
1200;590.606384;724.572388;151.326706
1201;592.221008;721.560059;151.063995
1202;593.516846;718.308838;151.622330
1203;595.071838;715.033752;150.953079
1204;596.758545;712.506836;149.972427
1205;598.495972;709.858459;149.853302
1206;599.678650;706.940674;149.733078
1207;601.021545;704.038879;148.908218
1208;602.059998;701.925415;148.709534
1209;603.810425;699.434814;147.870422
1210;604.551147;696.835144;147.687042
1211;606.086060;694.394165;146.969391
1212;606.844177;692.543030;146.292984
1213;607.949524;690.302734;145.524521
1214;609.152283;688.449585;144.402191
1215;609.844421;686.369507;143.901978
1216;610.874329;684.638733;143.116394
1217;611.932739;682.845703;142.337875
1218;612.834839;681.267822;141.015961
1219;613.514709;679.490540;140.214539
1220;613.925964;678.156311;139.867249
1221;614.401428;676.819946;138.770309
1222;615.359253;675.174805;137.636520
1223;615.881775;673.977539;136.995804
1224;616.201355;672.741150;136.692459
1225;616.356384;671.666138;136.245285
1226;617.071655;670.509521;135.060211
1227;617.780029;669.245178;134.227890
1228;618.071960;668.124573;133.877197
1229;618.345398;667.436096;133.537857
1230;618.579468;666.634705;133.324402
1231;619.018555;665.453979;132.708771
1232;619.626404;664.357544;131.896194
1233;620.166504;663.479858;131.137543
1234;620.547729;662.565918;130.873337
1235;620.688721;661.761719;130.460434
1236;621.100159;660.719910;129.920258
1237;621.517822;659.841370;129.067108
1238;621.988953;658.915283;128.512619
1239;622.215149;658.003662;128.002640
1240;622.329163;657.129578;127.644379
1241;622.652710;656.449219;127.157326
1242;623.050354;655.712097;126.674072
1243;622.761536;654.909119;126.253334
1244;623.035767;654.265869;125.711693
1245;623.365356;653.706482;125.401627
1246;623.483521;653.059509;125.147362
1247;623.607300;652.559326;124.760910
1248;623.810181;652.295166;124.115334
1249;623.897034;651.748413;123.589638
1250;623.978027;651.382935;123.151169
1251;624.256958;651.155884;122.432930
1252;624.379272;650.890137;122.043556
1253;624.433167;650.609497;121.871788
1254;624.509033;650.328674;121.713005
1255;624.550964;650.109497;121.525803
1256;624.654236;649.837280;121.170647
1257;624.790283;649.450317;120.972374
1258;625.039185;649.261108;120.240433
1259;625.488342;648.778076;118.937767
1260;626.179565;648.608582;117.698639
1261;626.535278;648.299377;117.290886
1262;626.623657;647.873657;117.134987
1263;626.714417;647.494080;116.936333
1264;626.942261;647.191162;116.513336
1265;627.176270;646.820496;115.742142
1266;627.466614;646.515625;114.720276
1267;627.640747;646.138184;113.643745
1268;627.904175;645.737732;113.219345
1269;628.007935;645.571838;112.800919
1270;628.171753;645.483826;112.504555
1271;628.329102;645.576111;111.978859
1272;627.981079;645.594055;112.153435
1273;627.825378;645.535400;112.333870
1274;627.571289;645.482605;112.665253
1275;627.342224;645.419495;112.879959
1276;627.623779;645.268677;112.838242
1277;627.547424;645.237122;112.898941
1278;627.354675;645.245911;112.901787
1279;627.119568;645.265381;112.879997
1280;626.970581;645.246460;112.861427
1281;626.778748;645.349243;112.749634
1282;626.595154;645.338806;112.716576
1283;626.681030;645.653625;111.564323
1284;626.733154;645.751831;111.068787
1285;626.562927;645.568542;110.922638
1286;626.591370;645.527527;110.644882
1287;626.622009;645.571411;110.268661
1288;626.309265;645.278503;110.222519
1289;626.364075;645.358215;109.787270
1290;626.403992;645.426941;109.509079
1291;626.443176;645.432251;109.400864
1292;626.283569;645.478210;109.273285
1293;626.198730;645.499756;109.225105
1294;626.145569;645.586365;109.218758
1295;625.821289;645.443726;109.608505
1296;625.907593;645.633240;109.527496
1297;625.988037;645.884033;109.273857
1298;625.960022;645.929138;109.266342
1299;625.801697;645.939148;109.632256
1300;625.943604;646.167053;109.378174
1301;626.079529;646.321289;109.173309
1302;626.171875;646.459473;109.272240
1303;626.159790;646.413147;109.231430
1304;626.247864;646.420349;109.150757
1305;626.281677;646.508728;109.101334
1306;626.415649;646.438782;109.108986
1307;626.452576;646.328857;109.078140
1308;626.520508;646.299683;109.008293
1309;626.503235;646.255920;108.917816
1310;626.520142;646.159546;108.873482
1311;626.577148;646.121948;108.902138
1312;626.682556;645.975159;108.684845
1313;626.725586;646.015198;108.410881
1314;626.783081;645.906982;108.378525
1315;626.694702;645.828003;108.452766
1316;626.803528;645.903198;108.259956
1317;626.801453;645.849487;108.113029
1318;626.783386;645.801697;108.236923
1319;626.748474;645.776611;108.277939
1320;626.666626;645.802063;108.255951
1321;626.621155;645.752075;108.357239
1322;626.533325;645.674744;108.353554
1323;626.428650;645.633728;108.521904
1324;626.335449;645.652283;108.559021
1325;626.178162;645.702148;108.853592
1326;626.000610;645.589966;108.934792
1327;625.944092;645.601318;108.889435
1328;625.951538;645.613770;108.862305
1329;625.877319;645.506104;108.914955
1330;625.809875;645.518127;108.885284
1331;625.734497;645.410278;108.904480
1332;625.742004;645.367920;108.939697
1333;625.730530;645.279602;108.963249
1334;625.700073;645.296509;108.836708
1335;625.626099;645.203003;108.851143
1336;625.618042;645.133484;108.695251
1337;625.644836;645.162537;108.665535
1338;625.598083;645.148376;108.735931
1339;625.563721;645.079651;108.752380
1340;625.586182;645.125854;108.641632
1341;625.580261;645.143372;108.609505
1342;625.553162;645.111755;108.697311
1343;625.549744;645.130737;108.663116
1344;625.540894;645.045471;108.658707
1345;625.612976;645.084290;108.303696
1346;625.742676;645.199585;107.961235
1347;625.778992;645.138794;108.019562
1348;625.689880;645.106018;108.169830
1349;625.496521;645.155945;108.439934
1350;625.531860;645.103516;108.234787
1351;625.763916;645.171143;107.833679
1352;625.770325;645.227661;107.889824
1353;625.776062;645.316406;107.799522
1354;625.729553;645.336609;107.836235
1355;625.624329;645.366699;108.113853
1356;625.684265;645.396790;107.901299
1357;625.669983;645.471619;108.045990
1358;625.585327;645.380005;108.201050
1359;625.480469;645.419128;108.248116
1360;625.680908;645.418335;107.887474
1361;625.784424;645.336182;107.733444
1362;625.778870;645.318176;107.747383
1363;625.717407;645.323120;107.691223
1364;625.711426;645.327820;107.675911
1365;625.716370;645.328247;107.676666
1366;625.778564;645.306580;107.483612
1367;625.846069;645.316528;107.444809
1368;625.820129;645.309326;107.438187
1369;625.805054;645.318481;107.450539
1370;625.764221;645.314087;107.479385
1371;625.750916;645.310120;107.493935
1372;625.752869;645.309998;107.492928
1373;625.638794;645.352417;107.764130
1374;625.620483;645.329590;107.927139
1375;625.591919;645.318665;107.996498
1376;625.622864;645.335510;107.984718
1377;625.581299;645.324890;107.837875
1378;625.701599;645.307373;107.568367
1379;625.824341;645.314392;107.402245
1380;625.842773;645.327698;107.400246
1381;625.822388;645.317444;107.416969
1382;625.747742;645.333313;107.626656
1383;625.787598;645.279175;107.473465
1384;625.876831;645.293640;107.341835
1385;625.881287;645.319519;107.373749
1386;625.859863;645.310364;107.395134
1387;625.817017;645.312561;107.423538
1388;625.800720;645.318909;107.455719
1389;625.824158;645.404297;107.416512
1390;625.844849;645.424927;107.385109
1391;625.730652;645.456421;107.645615
1392;625.673157;645.435486;107.720787
1393;625.764038;645.406311;107.514992
1394;625.752808;645.444031;107.591766
1395;625.751709;645.427734;107.399986
1396;625.811340;645.525574;107.286179
1397;625.835388;645.534851;107.232956
1398;625.789307;645.536621;107.164940
1399;625.789795;645.556152;107.256065
1400;625.757141;645.454346;107.308220
1401;625.698059;645.406433;107.244865
1402;625.717590;645.414246;107.187889
1403;625.703369;645.442932;107.269768
1404;625.698486;645.435364;107.270844
1405;625.642456;645.342651;107.325531
1406;625.617859;645.328186;107.386101
1407;625.672852;645.332458;107.391800
1408;625.684753;645.330566;107.288399
1409;625.702332;645.327515;107.227921
1410;625.653870;645.340881;107.171494
1411;625.637512;645.351563;107.192848
1412;625.675110;645.348389;107.163902
1413;625.675781;645.337830;107.120186
1414;625.695740;645.429077;107.087471
