Frame;1_X;1_Y;1_Z;2_X;2_Y;2_Z;3_X;3_Y;3_Z;4_X;4_Y;4_Z;5_X;5_Y;5_Z
1;746.419434;486.234741;29.722372;832.124573;445.344238;31.469622;877.799866;520.675964;61.063919;;;;;;
2;746.419434;486.234741;29.722372;832.063904;445.370117;31.332531;877.885132;520.670776;61.061012;;;;;;
3;746.407288;486.228729;29.729868;832.090698;445.449707;31.332346;877.88147;520.664063;61.094555;;;;;;
4;746.415527;486.233093;29.726261;832.112122;445.415039;31.315454;877.88562;520.575012;61.12196;;;;;;
5;746.40863;486.225281;29.719673;832.128601;445.387512;31.349463;877.87915;520.544861;61.122505;;;;;;
6;746.405518;486.226929;29.729666;832.102173;445.437866;31.358719;877.873962;520.66748;61.12199;;;;;;
7;746.433716;486.233002;29.74551;832.136475;445.368164;31.363493;877.974182;520.707458;61.030594;;;;;;
8;746.451416;486.218475;29.753733;832.096191;445.35202;31.381252;877.922546;520.669434;61.022182;;;;;;
9;746.458862;486.219513;29.750164;832.124329;445.454742;31.34663;877.918396;520.65448;61.042351;;;;;;
10;746.453064;486.238403;29.735975;832.112488;445.496918;31.289156;877.921936;520.654602;61.048187;;;;;;
11;746.410889;486.231323;29.727875;832.137024;445.490479;31.310333;877.852417;520.679199;61.04417;;;;;;
12;746.430603;486.232727;29.744318;832.200073;445.449097;31.31946;877.830933;520.68457;61.050369;;;;;;
13;746.461792;486.227844;29.757088;832.209229;445.439941;31.328423;877.90625;520.660156;61.052952;;;;;;
14;746.426025;486.23291;29.726023;832.134583;445.486053;31.321119;877.861145;520.677246;61.040977;;;;;;
15;746.449829;486.319031;29.718525;832.089844;445.46463;31.263279;877.901367;520.671265;61.081337;;;;;;
16;746.454041;486.344543;29.687538;832.130493;445.477356;31.311691;877.954956;520.644104;61.044605;;;;;;
17;746.42395;486.337494;29.670759;832.203369;445.381104;31.122051;877.940491;520.654297;61.032005;;;;;;
18;746.432434;486.252319;29.703915;832.21051;445.445801;31.306881;877.855103;520.681458;61.037289;;;;;;
19;746.487183;486.31073;29.729321;832.15802;445.467651;31.310219;877.822449;520.694946;61.085159;;;;;;
20;746.453857;486.326843;29.724649;832.146179;445.467834;31.337214;877.897949;520.660095;61.068089;;;;;;
21;746.4375;486.245941;29.739429;832.135681;445.483398;31.362137;877.932007;520.653687;61.042297;;;;;;
22;746.429199;486.299164;29.785557;832.143738;445.487305;31.35359;877.933472;520.657532;61.035709;;;;;;
23;746.428528;486.330536;29.717777;832.128357;445.420807;31.344076;877.927795;520.65863;61.039841;;;;;;
24;746.461792;486.320557;29.731297;832.122437;445.45639;31.261755;877.916382;520.66748;61.077976;;;;;;
25;746.393982;486.25705;29.734161;832.095154;445.499359;31.362017;877.917114;520.657715;61.057777;;;;;;
26;746.432312;486.294708;29.759977;832.074402;445.495392;31.353947;877.930176;520.709656;60.98547;;;;;;
27;746.476746;486.322235;29.739927;832.09082;445.477142;31.343098;877.970947;520.662903;61.002628;;;;;;
28;746.408691;486.269623;29.776533;832.070557;445.452484;31.340483;877.868347;520.676025;61.032597;;;;;;
29;746.425415;486.308228;29.747086;832.039551;445.438202;31.326351;877.898865;520.659424;61.057167;;;;;;
30;746.417786;486.249207;29.769714;832.08374;445.399353;31.322809;877.942383;520.702576;60.965168;;;;;;
31;746.407227;486.316437;29.722614;832.11908;445.436432;31.250969;877.951721;520.727478;60.949043;;;;;;
32;746.381897;486.335693;29.692339;832.091675;445.48819;31.342573;877.938843;520.71759;60.953445;;;;;;
33;746.43634;486.322174;29.710367;832.139954;445.473816;31.30574;877.913391;520.577393;61.051037;;;;;;
34;746.430603;486.321716;29.705963;832.061768;445.445435;31.307608;878.016296;520.643433;61.00703;;;;;;
35;746.424438;486.319366;29.694887;832.133911;445.460297;31.293049;877.96228;520.668945;61.013115;;;;;;
36;746.455994;486.324524;29.709248;832.102234;445.457611;31.327478;877.957214;520.650574;61.026905;;;;;;
37;746.470154;486.317047;29.736721;832.073975;445.46048;31.310707;877.857422;520.67688;61.040375;;;;;;
38;746.46759;486.314209;29.743469;832.06311;445.385284;31.323446;877.861328;520.704773;61.041649;;;;;;
39;746.451904;486.327179;29.809153;832.039795;445.420807;31.330114;877.916565;520.666809;61.045219;;;;;;
40;746.467834;486.321594;29.755371;832.066223;445.468628;31.339281;877.863708;520.570374;61.119396;;;;;;
41;746.44342;486.328949;29.694504;832.067871;445.468872;31.318003;877.804626;520.581543;61.151596;;;;;;
42;746.381775;486.354309;29.774155;831.97406;445.4245;31.346676;877.794373;520.582153;61.180004;;;;;;
43;746.358215;486.354553;29.812452;831.899536;445.460052;31.3475;877.855469;520.610718;61.294373;;;;;;
44;746.360046;486.351959;29.811666;831.888428;445.435089;31.316914;877.821594;520.552429;61.391865;;;;;;
45;746.307312;486.341553;29.824442;831.828125;445.350281;31.391851;877.751404;520.561035;61.479557;;;;;;
46;746.267944;486.448792;29.81867;831.696594;445.321106;31.416178;877.688843;520.497498;61.579563;;;;;;
47;746.197876;486.462646;29.818596;831.652527;445.282532;31.336233;877.622559;520.357605;61.72958;;;;;;
48;746.124817;486.47757;29.814428;831.515991;445.249146;31.303791;877.549561;520.431641;62.196655;;;;;;
49;746.019592;486.472687;29.81365;831.349243;445.169678;31.299446;877.366699;520.335083;62.421478;;;;;;
50;745.916016;486.564392;29.809507;831.247559;445.057526;31.209679;877.176147;520.333557;62.625687;;;;;;
51;745.776611;486.608459;29.872593;831.035583;445.056885;31.220407;876.935303;520.248169;62.922142;1010.706482;748.418518;300.385406;;;
52;745.534668;486.709656;29.849314;830.763733;444.920135;31.194721;876.575317;520.096741;63.298756;1011.028442;749.225464;300.117157;;;
53;745.425415;486.804688;29.903442;830.510864;444.866486;30.989605;876.194641;519.822144;63.822353;1011.263245;750.251221;300.034454;;;
54;745.19165;486.838959;29.916176;830.192871;444.761505;31.027987;875.540039;519.532898;64.68531;1011.74115;751.266052;299.864014;;;
55;745.108276;486.917328;29.938795;829.820068;444.708038;31.121292;874.939819;519.218689;65.561592;1012.7329407777777;753.2207571666667;299.8585801666667;;;
56;744.871582;487.178772;29.901621;829.530212;444.639923;31.11717;874.265503;518.826172;66.685806;1013.7247315555555;755.1754623333333;299.8531463333333;;;
57;744.611938;487.278534;29.843792;829.337219;444.576447;31.128338;873.746033;518.799805;68.212364;1014.7165223333333;757.1301675;299.8477125;;;
58;744.418884;487.387329;29.852859;829.104492;444.47052;31.1551;873.205139;518.542847;69.559372;1015.7083131111111;759.0848726666666;299.8422786666667;;;
59;744.202576;487.538452;29.952765;829.03894;444.221344;31.610386;872.312134;518.304871;70.917671;1016.7001038888889;761.0395778333333;299.8368448333333;;;
60;743.921814;487.566193;29.953045;828.805542;444.031311;31.925472;871.354492;517.853577;73.004463;1017.6918946666666;762.994283;299.831411;1051.568115;810.504028;482.452423
61;743.46991;487.7453;30.275421;828.625488;443.944702;32.318005;870.377991;517.680054;75.95488;1018.6836854444444;764.9489881666666;299.8259771666667;1051.947876;812.158936;483.49231
62;743.145386;487.96933;30.595833;828.338928;443.836853;32.528408;869.820557;517.633545;77.55204;1019.6754762222222;766.9036933333333;299.8205433333333;1052.430664;813.163879;484.238251
63;742.785889;488.244843;30.851912;828.247864;443.829681;32.364578;868.929016;517.687134;79.915245;1020.667267;768.8583985;299.8151095;1053.146484;813.921143;484.905701
64;742.502991;488.640259;31.051424;828.338379;443.507751;33.202705;868.011108;517.210938;82.704903;1021.6590577777778;770.8131036666666;299.8096756666667;1053.975098;814.018127;485.559845
65;742.494202;489.356293;31.355225;828.590393;443.218658;34.236042;867.282654;516.869629;86.475952;1022.6508485555555;772.7678088333333;299.8042418333333;1055.138672;814.973694;485.584686
66;742.630493;490.048462;32.057384;828.715027;443.309937;35.558411;866.296753;516.9245;89.337631;1023.6426393333334;774.7225139999999;299.798808;1055.938965;816.053406;485.997986
67;742.726379;490.811951;33.173515;828.886597;443.473083;37.146248;865.539246;517.088013;92.856781;1024.6344301111112;776.6772191666666;299.7933741666667;1056.770264;817.030457;486.979828
68;742.852844;491.10202;34.718563;829.121155;443.432312;39.166431;864.637207;517.208313;95.906906;1025.6262208888888;778.6319243333334;299.7879403333333;1058.023071;817.715698;487.62265
69;743.031616;491.162323;37.142918;829.16156;443.66568;41.787251;864.039246;517.313049;99.760094;1026.6180116666667;780.5866295;299.7825065;1058.845947;818.616943;488.134888
70;743.079102;490.984283;39.520863;829.350525;443.681244;44.592163;863.299622;517.294739;103.784309;1027.6098024444445;782.5413346666667;299.7770726666667;1060.589355;819.555481;488.587219
71;743.152893;490.478943;43.387131;829.34729;444.040436;48.413387;862.905762;517.496948;108.407257;1028.6015932222222;784.4960398333333;299.7716388333333;1062.087524;820.473328;489.260986
72;743.424011;489.514557;46.916183;829.55365;443.976563;51.534729;862.426208;517.695374;112.838913;1029.593384;786.450745;299.766205;1063.148193;820.997681;490.089142
73;743.943481;488.640015;50.907318;829.705383;444.060638;55.835918;862.118958;517.969238;117.065208;1031.356812;789.731628;300.357422;1064.717407;821.70343;491.212952
74;744.288025;487.538971;55.32798;829.90741;444.03894;60.101952;861.973877;518.372131;121.847725;1032.918335;792.099182;300.897858;1066.769531;822.243652;491.349091
75;744.510864;486.338745;60.117153;830.167786;443.98999;64.562889;861.883545;518.928589;127.000916;1034.643799;794.290771;301.376129;1068.182617;822.687561;492.152893
76;744.789612;485.122528;65.07589;830.527588;444.064789;69.499496;861.476074;519.603882;131.981125;1036.684082;796.633911;302.041229;1069.45752;823.332092;493.426392
77;745.20636;484.138123;70.218208;830.681519;444.216461;74.611946;861.253906;520.481079;136.581863;1038.123413;799.459778;302.672394;1070.740845;824.185364;494.549164
78;745.49115;483.152588;75.617012;831.030273;444.460785;79.6008;861.406494;521.311279;141.485489;1039.933716;801.993896;303.234467;1072.69519;825.023804;495.450897
79;745.925537;482.022949;80.834366;831.452698;444.775238;84.756401;861.294617;521.884216;146.633743;1042.119141;804.362549;303.825439;1074.565063;825.756104;495.978607
80;746.646423;481.091583;86.362854;831.692627;445.309601;90.092598;861.466248;522.817383;151.79744;1044.056885;806.938843;304.22644;1076.197021;826.2099;497.150452
81;747.090515;480.536194;91.648895;832.093689;445.982117;95.561668;861.58374;524.123352;157.025543;1045.615967;809.519226;305.22464;1077.370605;826.859131;498.2836
82;747.611328;480.161987;97.064568;832.23407;446.761139;100.886642;861.591064;525.249878;162.607452;1047.411011;812.16394;306.129852;1079.138794;827.442871;499.468262
83;748.14624;479.78598;102.280128;832.062561;448.040466;105.682785;861.376221;526.362793;167.960205;1049.587646;814.614563;306.894165;1080.338623;828.004333;500.079376
84;748.67218;479.52182;107.560204;832.458496;448.92276;110.881432;861.176697;527.858459;173.426422;1051.592896;817.186707;307.549713;1081.96875;828.428406;501.349304
85;749.195374;479.341095;112.876663;832.554443;450.188049;115.754318;861.083008;529.36261;178.388702;1053.666138;819.653564;308.063751;1083.750732;829.146667;502.378204
86;749.989441;479.709045;117.73716;832.375488;451.739594;120.243523;860.891052;530.996399;183.18454;1055.539307;822.2005;309.451538;1085.14563;829.70105;503.417053
87;750.453979;480.261993;122.671646;832.463318;453.687103;124.726227;860.547607;532.732971;188.531693;1056.814697;824.630188;310.215973;1086.541138;830.129089;504.370636
88;750.738831;480.841583;127.545372;832.67157;455.599731;129.347031;860.068848;534.625183;193.647247;1058.71582;827.054138;311.118835;1088.015259;830.549866;505.082489
89;751.131409;481.890594;131.522552;832.756165;457.588165;133.671555;859.803101;536.575256;198.300171;1060.588501;829.441833;311.886017;1089.503662;830.833496;506.159302
90;751.536682;483.506042;136.125961;832.468872;459.80069;137.843552;859.738708;538.529358;202.633804;1062.638062;831.806641;312.840576;1090.824463;831.365356;507.142761
91;751.553406;485.169098;140.628677;832.255005;462.259125;141.747757;859.186035;540.586975;206.973877;1064.594727;833.956299;313.76532;1092.499023;831.873047;508.376862
92;751.464294;487.396271;144.29541;832.018555;464.899872;144.870346;858.469238;542.927063;210.882126;1066.253662;836.43689;314.69812;1093.459473;832.307739;509.083313
93;751.472534;489.695007;147.22905;832.047302;467.741913;147.623062;858.405701;544.882568;215.217834;1067.771973;838.721497;316.072021;1094.837524;832.717163;510.031494
94;751.240784;492.426819;150.161331;831.824707;470.764923;150.274872;857.729004;547.398376;219.007675;1069.322388;840.64325;317.208923;1096.281494;833.229858;511.187714
95;750.9021;495.414734;153.157318;831.755554;473.794678;152.896072;857.13092;549.776489;222.854065;1071.157104;843.117493;318.773926;1097.353638;833.830627;512.05542
96;750.364807;498.647797;156.200455;831.425354;477.052277;155.55899;856.729614;552.23822;226.032379;1072.570557;845.05603;319.212067;1098.519775;834.348877;513.142334
97;749.533447;501.808228;159.352905;831.302124;480.785828;157.565155;856.228088;554.575317;229.565033;1074.510742;847.26532;320.438599;1099.79834;834.89093;513.940491
98;748.717773;505.280151;161.929993;831.100647;484.095825;158.801407;855.588501;557.221497;232.456299;1075.836914;849.308105;321.347992;1100.924438;835.259338;514.675537
99;747.853394;508.958435;163.993027;830.808472;487.894775;160.707565;855.163696;559.513733;235.311462;1077.415039;851.282593;322.286621;1102.083252;835.559448;515.921631
100;746.908325;512.701904;165.580368;831.100037;491.48645;161.948273;854.516785;562.225098;238.072128;1078.958496;853.374634;323.282928;1102.947998;836.206909;516.580811
101;745.944031;516.588013;167.558716;831.325684;495.45105;163.06694;853.829895;565.017456;240.616867;1079.960449;855.084717;324.184326;1104.276978;836.769104;517.439087
102;744.860596;520.483093;168.870941;831.428772;499.34259;163.901443;853.06189;567.610291;242.654312;1081.742188;856.988464;325.504913;1105.347778;837.251404;518.359253
103;743.514282;524.538452;170.005615;831.809143;503.1474;164.497025;852.618225;570.257874;244.721878;1083.020264;858.553467;326.627899;1106.107056;837.688904;518.995667
104;742.660461;528.49469;171.107025;832.081421;507.09671;164.809448;851.848572;573.096008;246.855423;1084.271606;860.432922;327.607666;1107.254517;837.955078;520.04895
105;741.653564;532.505676;171.821564;832.604004;511.153442;165.112823;850.974487;575.833191;248.18515;1085.29126;861.982239;328.68985;1108.364746;838.236511;520.982483
106;740.557312;536.46936;172.634369;833.30365;514.954712;165.55484;850.106445;578.746399;249.46106;1086.521484;863.736816;329.601868;1109.098511;838.596497;521.547668
107;739.493652;540.399475;173.178894;833.785034;518.920105;165.643829;849.404785;581.641785;250.280518;1087.571777;865.164185;330.491943;1110.182495;839.128052;522.15802
108;738.163025;544.481873;173.818954;834.224792;522.875305;165.696747;848.644348;584.618103;251.612762;1088.684692;866.592468;331.591858;1111.270752;839.636475;522.830322
109;737.363037;548.445557;173.681351;835.190002;526.929138;165.377884;847.767822;587.28302;252.194;1089.618896;868.116211;332.415619;1112.285522;840.137939;523.485474
110;736.310852;552.241516;174.006577;835.947998;530.883362;164.85675;846.903137;589.910156;253.275497;1090.560303;869.463196;333.305023;1113.051025;840.559387;523.929443
111;735.453003;556.155212;173.284042;836.570374;535.145813;164.763229;846.044434;592.90155;253.884918;1091.603638;870.823547;334.437897;1113.876343;840.781372;524.928162
112;735.043518;560.405884;172.472214;837.187195;539.154358;164.459351;845.319153;595.575562;253.888138;1092.525146;872.031006;335.249054;1114.565796;840.945618;525.46283
113;734.642212;564.49054;171.668686;838.118469;543.057983;163.70018;844.253052;598.237793;254.406952;1093.267944;873.266907;336.022186;1115.480835;841.197632;526.111938
114;734.114929;568.343567;170.808151;838.842712;547.04364;162.813736;843.33606;600.791565;254.901245;1094.107788;874.571777;336.937714;1116.450562;841.669434;526.583069
115;733.798462;572.367798;169.60939;839.288818;551.291016;162.685883;842.446838;603.483398;254.909988;1094.98584;875.642761;337.783691;1117.428467;842.013489;527.069641
116;733.669434;576.342773;168.018265;840.131287;555.067871;162.104919;842.084717;605.822449;254.590134;1095.6875;876.885132;338.389771;1118.074951;842.304993;527.37616
117;733.621216;580.274475;166.472305;841.004211;558.716064;161.378067;841.15863;608.256165;254.548279;1096.107544;878.210999;339.111084;1118.544678;842.593445;527.817322
118;733.428406;583.806641;165.492996;841.815796;562.183105;160.531097;840.405762;611.034363;254.508957;1096.800415;879.128418;339.785797;1119.110718;842.81134;528.331055
119;733.561523;587.324585;163.7323;842.534424;565.59375;159.960434;839.936829;613.279846;254.280411;1097.238037;880.305298;340.777435;1119.691406;842.987122;528.815002
120;733.690491;590.950562;162.17041;843.322754;568.716858;159.358139;839.391785;615.609863;253.982971;1097.546997;881.48761;341.577271;1120.169556;843.236816;529.277283
121;733.583801;594.015198;160.911835;844.175049;571.758301;158.736252;838.895508;617.84375;253.507385;1098.058105;882.286194;342.44693;1120.957886;843.360596;529.675171
122;734.117432;597.16571;159.202988;845.103699;574.720703;157.978592;838.506104;619.730469;252.893906;1098.364014;883.419983;343.19751;1121.436279;843.469971;529.92218
123;734.582397;600.151978;157.421692;846.19574;577.728149;157.136948;838.090088;621.900024;252.260834;1098.66333;884.49939;344.011932;1121.921997;843.603027;530.209961
124;734.700073;602.551575;156.719116;846.973511;580.829102;156.367172;837.75824;623.721924;251.541275;1098.678955;885.327637;344.851013;1122.361084;843.793579;530.619812
125;734.90979;604.975342;155.22966;847.453735;583.798645;155.217529;837.705444;625.739746;251.075211;1098.813354;886.14447;345.46463;1122.779907;844.037292;531.020264
126;735.521851;607.593994;153.421356;847.738403;586.63147;154.072479;837.560425;627.266602;250.299377;1099.258789;887.141418;345.976715;1123.046875;844.234314;531.288513
127;736.06134;609.487671;151.843155;848.625793;589.495544;152.966934;837.422363;629.072937;249.357986;1099.646484;888.220032;346.438538;1123.347656;844.385864;531.686462
128;736.310852;611.121094;151.062149;849.284851;591.755981;152.002441;837.197693;630.637451;248.616409;1099.781128;888.96875;346.674438;1123.473999;844.57666;531.826294
129;736.699768;612.64325;149.544037;849.999756;593.944214;151.01564;837.112427;632.053589;247.773026;1099.901978;889.738953;346.937592;1123.592163;844.732056;532.055359
130;737.463135;613.834412;147.954346;850.785889;596.320251;149.839264;837.171204;633.644897;246.859085;1099.856812;890.617249;347.369751;1123.827759;844.876526;532.301941
131;738.549561;614.98822;146.213699;851.241882;598.249207;148.815903;837.182678;634.799683;246.007889;1099.776611;891.518005;347.783478;1123.985718;845.024536;532.531799
132;739.375061;615.452209;145.53624;851.544617;600.157776;147.469406;837.168213;636.221802;245.083237;1099.827881;892.243408;348.171631;1124.24939;845.212463;532.758362
133;739.701965;616.507141;144.008087;851.75;602.040527;146.505493;837.212097;637.670776;244.113159;1099.70752;892.953064;348.588654;1124.445068;845.340027;532.985901
134;740.178162;617.755066;142.453827;852.055908;603.805664;145.646683;837.184387;638.523193;243.355698;1099.554077;893.75592;348.920013;1124.622803;845.465088;533.144775
135;740.596313;618.685364;141.301956;852.421387;605.192322;144.641479;837.172119;639.471313;242.622879;1099.509521;894.535706;349.357758;1124.768188;845.647705;533.310059
136;740.805847;619.470276;140.442719;852.953674;606.721924;143.257492;837.130432;640.49884;241.875275;1099.629395;895.177673;349.915588;1124.860962;845.838684;533.429626
137;740.913635;620.09198;139.646271;853.47998;608.30011;142.091553;837.109009;641.47229;241.044098;1099.155884;895.837524;350.183044;1124.951172;845.972473;533.50177
138;741.175476;620.761597;138.98436;853.632324;610.091736;140.664627;837.09906;641.947632;240.134003;1099.040283;896.422424;350.297394;1124.969727;846.097168;533.599304
139;742.152466;621.651611;137.596954;853.674072;611.652527;139.003235;837.381897;642.536865;239.086258;1098.985474;897.036194;350.331879;1124.989624;846.206787;533.621094
140;743.168579;622.458496;135.768799;853.763062;613.011841;137.903854;837.750549;643.265564;238.229553;1098.970947;897.587708;350.44342;1125.032104;846.359863;533.633789
141;743.972412;623.120239;134.646973;854.046265;615.007446;137.005005;838.320313;644.060059;237.207443;1098.766479;898.311829;350.386688;1124.981567;846.4953;533.648865
142;744.416504;623.886597;133.712692;853.886658;616.804443;135.364059;838.608826;644.706299;236.186981;1098.83667;898.803345;350.485443;1124.981201;846.673218;533.639038
143;745.083069;625.004639;132.79184;854.032532;618.35791;134.397781;838.680969;645.145203;235.249756;1098.741333;899.236389;350.498627;1124.917969;846.894592;533.577759
144;745.632446;625.82489;131.642792;853.68927;619.959534;133.214508;838.589966;645.47699;234.443939;1098.611328;899.678284;350.42572;1124.825439;847.053833;533.501282
145;746.055237;626.574768;130.366028;853.43988;621.539429;132.036606;838.569641;645.803467;233.816513;1098.395264;900.188232;350.377106;1124.766357;847.218201;533.430298
146;746.329712;627.319153;129.285767;853.299377;623.2724;130.500626;838.707886;646.076843;232.98912;1098.118652;900.608643;350.378784;1124.697754;847.398743;533.360535
147;746.655823;628.110107;128.569397;852.648254;624.597351;129.25296;838.867493;646.320374;232.026596;1097.855713;901.005005;350.367889;1124.652466;847.536804;533.323669
148;747.008545;628.96698;127.553078;852.190125;626.013916;127.909264;839.125244;646.746094;231.250671;1097.618286;901.332581;350.451935;1124.600464;847.702087;533.143616
149;747.641785;629.616455;126.218742;852.043762;627.628052;126.942871;839.06366;647.121765;230.330841;1097.416504;901.645569;350.418091;1124.51709;847.884827;533.051575
150;748.173462;630.100647;125.196495;851.202698;628.021057;125.936073;838.98938;647.492126;229.410141;1097.292847;901.887146;350.311829;1124.487183;848.037537;533.013062
151;748.601318;630.427124;124.537132;850.33606;629.464478;124.964729;839.073853;647.906067;228.364212;1097.137817;902.145386;350.281738;1124.486938;848.144653;532.913696
152;748.772156;631.042664;123.696198;849.899902;631.850159;123.977501;839.052368;648.359192;227.37735;1096.884888;902.352417;349.923492;1124.447876;848.322815;532.738586
153;749.05835;631.780273;122.816368;849.106567;633.921204;122.306351;839.231628;648.671814;226.696625;1096.790527;902.552979;349.828766;1124.422241;848.480286;532.683594
154;749.671631;632.510498;121.848503;847.801514;636.069153;120.326256;839.375366;649.021545;226.160675;1096.760864;902.70343;349.831909;1124.432373;848.587646;532.594543
155;750.281982;633.350159;120.822937;846.867249;637.845459;118.86541;839.428528;649.302734;225.253464;1096.749146;902.858459;349.849792;1124.461792;848.703186;532.467896
156;750.775696;634.032288;119.995529;846.283386;639.073425;117.990768;839.529785;649.449829;224.196426;1096.577515;903.134705;349.717163;1124.490479;848.778564;532.251953
157;751.225464;634.58905;119.234695;845.505676;640.193176;117.316818;839.50177;649.717896;223.347488;1096.453369;903.372681;349.59201;1124.521851;848.952026;532.148804
158;751.797668;635.189209;118.387207;845.215027;640.874329;116.649628;839.381531;649.905457;222.564972;1096.45166;903.567261;349.483734;1124.535767;849.068054;532.056641
159;752.505005;635.652893;117.60453;845.050903;640.967102;116.023689;839.273132;650.028015;222.051865;1096.321167;903.792542;349.317566;1124.58313;849.233276;531.877136
160;753.199585;636.035339;116.816498;844.849731;640.914551;115.863014;839.233093;650.1698;221.817963;1096.1875;904.121338;349.191284;1124.427612;849.279907;531.586487
161;753.856934;636.312927;116.60984;844.443665;640.835754;115.855263;839.184143;650.180847;221.686676;1096.049194;904.280762;349.055206;1124.322632;849.360168;531.388489
162;754.491028;636.292053;116.52948;843.895752;640.716553;115.908798;839.157471;650.38092;221.668854;1095.993042;904.507935;348.980286;1124.251709;849.444641;531.306946
163;755.173096;636.075623;116.560226;843.481018;641.008057;116.226158;839.085144;650.39856;221.579178;1095.910767;904.756104;348.893921;1124.043701;849.54657;531.136658
164;755.780151;635.948792;116.229263;842.896057;641.388672;116.360931;839.074097;650.468384;221.576462;1095.657715;904.938538;348.768799;1123.888916;849.57489;530.999451
165;756.362976;635.829346;115.770836;842.904846;641.727173;116.171722;838.950378;650.515869;221.602646;1095.546021;905.12738;348.681702;1123.743896;849.677429;530.749939
166;756.565491;635.725342;115.88932;843.107239;642.057556;116.036285;838.870117;650.594482;221.623367;1095.515991;905.35968;348.643402;1123.567627;849.787964;530.425293
167;756.963989;635.869324;116.159462;843.169861;642.475647;116.104767;838.866333;650.650391;221.836929;1095.467896;905.514526;348.577576;1123.420044;849.816162;530.274475
168;757.297119;636.033386;116.525772;843.559753;643.063965;116.340332;838.877441;650.663025;222.049393;1095.402588;905.631104;348.521362;1123.25647;849.884277;530.147583
169;757.559204;636.027893;116.790596;843.928833;643.702698;116.339767;838.798462;650.689758;222.194962;1095.262329;905.860779;348.51358;1123.138672;849.861755;530.050598
170;757.888611;635.974304;117.123772;844.180603;644.512817;116.712524;838.641357;650.789185;222.422775;1095.102295;906.047974;348.400177;1123.020386;849.924072;529.971985
171;758.068542;636.031067;117.55265;844.395813;645.382568;117.185425;838.385437;650.826599;222.860611;1094.921997;906.175537;348.3591;1122.847046;849.950195;529.935974
172;758.346191;635.992737;118.053177;844.391174;645.895264;117.41555;837.940247;650.898926;223.389618;1094.832275;906.387756;348.437714;1122.704102;849.982727;529.879883
173;758.460266;636.088623;118.398834;844.051453;646.34198;117.785988;837.477051;651.031006;224.516708;1094.679077;906.512146;348.583862;1122.523438;850.048828;529.870483
174;758.545715;636.093628;118.765175;844.065247;646.812378;118.862129;836.814331;651.190063;225.695404;1094.463013;906.702271;348.791046;1122.28894;850.086182;529.790588
175;759.362732;636.849976;119.33857;844.121277;647.032959;119.868484;836.213379;651.227905;226.698135;1094.207642;906.884155;348.863464;1121.883423;850.230835;529.773865
176;758.981384;636.31842;119.87442;843.790649;647.000732;120.987122;835.789001;651.309204;227.55777;1093.945923;907.119202;349.040405;1121.438477;850.378845;529.619385
177;758.639038;636.046082;120.722893;843.322388;647.003235;122.683159;835.253662;651.625061;228.937485;1093.613037;907.397461;349.204956;1121.009766;850.506531;529.66272
178;758.483032;636.082458;122.236053;1093.396606;907.623108;349.467224;834.341858;651.877563;230.780518;;;;1120.504395;850.652161;529.733582
179;758.067383;635.997925;123.899185;842.360779;645.927063;125.637413;833.329102;652.164001;232.005508;;;;1120.208618;850.748718;530.118164
180;757.614319;635.957581;124.9617;842.047241;644.966553;127.265938;832.372681;652.405212;233.328995;;;;1119.897827;850.765442;530.36676
181;757.072632;636.194214;125.616982;841.824768;644.583008;130.222412;831.22113;652.668274;235.41951;;;;1119.478271;850.915405;530.593872
182;756.567078;636.31012;127.002655;841.216309;644.277222;132.210724;830.076538;652.950012;237.034241;;;;1119.289185;850.955994;530.625671
183;755.526917;636.331177;128.873138;840.156128;644.058838;133.867355;828.522888;653.335388;238.592178;;;;1119.066772;851.078491;530.66925
184;753.978882;636.280762;130.649475;838.711914;644.026611;135.396942;827.0495;653.599731;240.576828;;;;1118.476685;851.207092;530.393494
185;752.577332;636.311157;132.678696;837.654236;644.097412;137.370728;825.547241;653.736755;242.531296;;;;1117.897949;851.378479;530.43457
186;751.457275;636.311523;134.409317;836.029785;644.242371;139.363342;823.842224;654.119873;244.191147;;;;1117.184204;851.479797;530.769958
187;749.644043;636.476685;136.258423;833.818726;644.202515;140.931183;822.154907;654.596313;246.466522;;;;1116.014282;851.649475;530.763
188;747.491882;636.554565;138.436371;832.437378;644.344849;143.131149;819.928528;655.039063;248.606262;;;;1114.896606;851.700623;530.647339
189;745.535828;636.609863;140.497696;830.434448;644.358398;145.276169;818.357117;655.500977;250.111115;;;;1114.405762;851.683289;530.932251
190;743.433228;636.699585;142.437225;827.85498;644.224731;146.830963;815.958923;656.118896;252.294922;;;;1113.939575;851.736084;530.8125
191;740.924927;637.048096;144.363327;825.807129;644.564514;149.550293;813.851563;656.539185;254.000717;;;;1113.536743;851.79071;530.850891
192;738.665527;637.270447;146.68103;823.056824;644.373535;151.407654;811.398682;657.156982;256.169098;;;;1112.970825;851.887817;531.098267
193;735.863708;637.748413;148.596848;820.438538;644.528442;153.452469;808.783508;657.523621;258.243896;;;;1111.768188;851.884583;531.260925
194;732.781982;638.222168;150.328842;817.489868;644.761841;155.621429;805.935547;657.92865;260.052887;;;;1110.201294;851.874878;531.232544
195;729.653931;638.757935;152.571411;1076.821411;911.159302;351.584839;802.915466;658.394958;261.714996;;;;1109.209351;851.903564;530.937012
196;726.350342;639.299744;154.746231;811.24292;646.224121;158.786926;800.004944;659.073608;263.805969;;;;1108.671021;851.899414;530.786011
197;723.043274;639.904053;156.720367;807.617615;646.604797;160.950958;796.904663;659.774292;265.62326;;;;1108.009399;851.841858;530.692871
198;719.520264;640.812012;158.293304;804.716614;647.286255;162.747543;793.364746;660.443237;267.176117;;;;1106.564819;851.925598;530.471985
199;716.132874;641.642517;160.111679;800.92572;647.80072;164.011932;790.174316;661.279602;268.67926;;;;1104.974121;851.954285;530.580627
200;712.366455;642.415344;161.817841;797.174744;648.875549;166.026474;786.724976;661.885132;270.482239;;;;1103.729858;852.047913;530.347839
201;708.222778;643.253418;163.369553;793.362976;649.686584;167.363846;782.96637;662.571655;272.22583;;;;1102.782349;852.017517;529.680359
202;704.121094;644.232117;165.201324;789.170044;650.250549;168.772919;779.149719;663.149109;273.635132;;;;1101.867554;851.831543;529.403687
203;699.84613;645.276062;166.859253;785.127197;650.840698;170.639114;774.810669;663.789795;275.03894;;;;1100.050171;851.819458;529.150574
204;695.377869;646.430664;168.579987;780.965637;651.671997;172.196213;770.781128;664.638611;276.399597;;;;1098.297119;851.935059;528.973938
205;691.252502;647.380859;169.766296;776.404297;652.42572;172.933105;766.671509;665.650024;277.949524;;;;1097.234619;851.805237;529.031128
206;686.679077;648.306274;170.733444;771.388855;653.332031;174.006912;762.180359;666.571899;279.071594;;;;1095.974121;851.518066;528.60553
207;681.826599;649.310608;171.868515;766.459717;654.326599;175.470978;757.995728;667.35199;279.850769;;;;1094.336182;851.477356;528.129395
208;676.711304;650.502258;173.17955;761.774353;655.105774;176.18779;753.542908;667.96405;281.00174;;;;1092.641479;851.468506;527.557251
209;671.517212;651.561157;174.464783;757.031128;656.368652;176.923462;749.037476;668.768982;281.854218;;;;1090.754517;851.194824;527.420837
210;666.000183;652.667542;176.324081;751.82782;657.793091;177.192993;744.344666;669.5802;282.634888;;;;1089.048096;851.092957;526.714966
211;660.819336;653.612183;177.531876;746.430725;659.03241;177.764893;739.453674;670.428162;283.522644;;;;1087.911865;850.848145;526.315613
212;655.904846;654.513;178.013855;741.170532;659.949036;178.747559;734.780518;671.165344;283.953094;;;;1085.9021;850.601563;526.100952
213;650.789551;655.574219;178.369965;735.758545;660.349426;179.412079;730.281677;672.045166;284.448486;;;;1083.841675;850.564697;525.922729
214;645.554504;656.798096;179.257187;730.286072;660.84552;179.532578;725.549744;672.804199;285.057648;;;;1082.057861;850.397522;525.145874
215;639.873413;658.080322;180.212311;725.035217;661.84729;179.987839;720.661987;673.388733;285.457367;;;;1080.369629;850.069031;524.529907
216;634.418213;659.003113;181.049789;719.877075;663.247803;180.478561;715.592834;673.899231;285.811096;;;;1078.740967;849.822815;524.309509
217;629.082642;659.924927;181.243607;714.858948;664.764648;180.949097;710.521851;674.490051;285.91394;;;;1076.272461;849.43927;523.815735
218;623.910645;661.284973;181.599533;709.409119;665.90509;180.904984;705.644104;675.043518;285.924652;;;;1074.651855;849.134705;523.246582
219;618.469482;662.641296;181.968353;703.816223;667.265625;180.940887;700.72229;675.685974;285.961304;;;;1072.669067;848.774536;522.649475
220;613.191284;663.715637;182.621933;698.412903;668.336365;180.581146;695.843567;676.311584;286.058807;;;;1070.407715;848.579712;522.366211
221;607.652771;664.741089;182.634277;693.033264;669.076904;180.479416;690.958008;676.847656;285.927795;;;;1068.567871;848.10675;522.102478
222;602.306519;665.914612;182.691437;687.806641;669.680603;180.464371;685.940674;677.249512;285.764862;;;;1066.318237;847.822876;520.96814
223;596.945984;667.119324;182.779022;682.409546;670.453735;180.18869;680.960693;677.63501;285.367493;;;;1064.425781;847.331604;520.842834
224;591.800354;668.23999;182.685715;676.909973;671.854065;179.841278;675.885681;678.057434;285.233429;;;;1061.885376;846.860107;520.324219
225;586.762329;669.250793;182.015762;671.80304;673.22168;179.166672;670.880432;678.547119;285.008575;;;;1059.805908;846.617981;519.547607
226;581.665649;670.160095;181.551331;666.898499;674.209106;178.770706;665.829895;678.964722;284.43924;;;;1057.491577;846.233826;519.025574
227;576.453491;670.923645;181.529678;661.909241;674.644714;178.571182;660.916199;679.489075;284.155792;;;;1055.199707;845.92218;518.556274
228;571.031372;671.703735;181.742233;656.729248;674.86792;178.084595;655.993347;679.969238;283.832214;;;;1052.884155;845.483948;517.827087
229;565.850708;672.436646;181.059799;651.836609;675.41272;177.776321;651.158386;680.304443;283.274994;;;;1051.125977;844.949341;517.555542
230;561.119446;673.220276;180.308777;646.80304;676.19873;176.768341;646.100647;680.642334;282.69632;;;;1048.180664;844.501831;517.190857
231;556.399658;673.882874;179.815689;641.659668;677.228394;176.041672;641.189819;680.834961;282.223145;;;;1046.431763;844.005249;516.825806
232;551.53894;674.439697;179.408722;636.581177;677.964844;175.209961;636.667053;681.167847;281.55661;;;;1043.825928;843.517029;516.127441
233;546.852844;674.959595;178.834763;631.57428;678.716309;174.284897;632.101501;681.519775;280.928101;;;;1041.378052;843.100525;515.9198
234;542.157166;675.466492;178.413269;627.523926;679.253296;174.255249;627.539124;681.709656;280.325348;;;;1039.053589;842.653625;515.174316
235;537.372986;675.911438;177.094147;623.342896;679.372925;174.662796;622.998596;681.852234;279.503784;;;;1036.610352;842.233337;514.944214
236;532.876648;676.359985;176.478516;618.005859;679.082397;173.270432;618.542358;681.887451;278.74173;;;;1034.295166;841.608765;514.905701
237;528.423462;676.706604;176.182266;613.237244;679.158264;172.223907;614.385742;682.088867;277.996033;;;;1031.950928;841.146729;514.27356
238;523.648499;677.049072;175.997147;608.824829;679.829529;171.275909;610.092407;682.158386;276.679779;;;;1029.509888;840.45166;514.295715
239;519.465271;677.313965;175.244492;604.648315;680.522034;170.244522;605.853088;682.208923;275.977325;;;;1027.273315;840.034058;513.689209
240;515.278259;677.795776;174.48085;600.580933;680.884094;169.341431;601.625122;682.349976;275.358765;;;;1025.112305;839.484131;513.728271
241;510.80603;678.110718;173.750229;596.708313;680.694336;168.724472;597.753662;682.570984;273.977142;;;;1022.457092;839.111633;513.473694
242;506.756927;678.395996;172.504929;592.84259;680.636597;167.836792;593.452087;682.713257;273.354126;;;;1020.292542;838.682922;512.933167
243;503.091858;678.788757;171.260162;588.665894;680.459717;166.782654;589.29303;682.828613;272.700745;;;;1017.749084;837.957703;512.931152
244;499.411621;679.124512;170.093246;584.637634;680.543091;165.576416;585.446167;683.026245;271.691742;;;;1015.700989;837.458984;512.75769
245;495.990845;679.281738;168.594971;581.198059;681.11322;164.86644;581.63208;683.016663;270.588654;;;;1013.423706;836.833374;512.557556
246;492.312561;679.699524;167.498367;577.843811;681.139221;164.145248;578.00415;682.933228;269.028931;;;;1011.09436;836.393494;512.735352
247;488.715881;679.940308;166.558273;574.219177;681.071594;162.804749;574.485107;683.018494;268.148865;;;;1008.787537;835.957581;512.138
248;485.574585;680.132568;165.129486;570.564514;680.94928;161.381683;570.558472;682.777161;267.295319;;;;1006.493774;835.290833;512.27478
249;567.772705;680.703735;160.612305;;;;567.277222;682.864563;266.177917;;;;1004.413086;834.679199;512.332336
250;479.063721;680.703613;162.65921;;;;564.005371;682.753418;265.076965;;;;1002.348511;833.950317;512.067322
251;475.651978;680.848633;161.351685;;;;560.850098;682.824829;263.584961;;;;999.92218;833.403931;512.326355
252;473.008148;680.894287;159.898209;;;;557.685669;682.80835;262.520721;;;;997.720337;832.944153;511.917053
253;555.667786;680.786743;156.129181;;;;554.672485;682.67627;261.279694;;;;995.42981;832.323181;511.828278
254;467.49585;680.850464;157.149963;;;;551.635986;682.680969;260.025116;;;;993.575989;831.801208;511.906952
255;464.457947;680.639832;156.527893;;;;548.792419;682.481567;259.159851;;;;991.172241;831.11676;511.412872
256;462.005005;680.40918;155.202515;;;;546.101257;682.355652;257.535339;;;;989.132813;830.610596;511.481659
257;459.506683;680.282043;153.871017;;;;543.579895;682.314148;256.303864;;;;987.154663;830.026855;511.386261
258;457.121307;680.415771;152.173141;;;;540.997314;681.936584;255.224121;;;;985.380371;829.408691;511.138367
259;455.111786;680.736511;150.631531;;;;538.518555;681.803833;254.252869;;;;983.450623;828.815125;511.37796
260;453.032318;680.751404;149.347397;;;;535.868591;681.464355;253.260925;;;;981.202332;828.223083;511.187103
261;450.797272;680.738098;148.032394;;;;533.801392;681.356812;251.92308;;;;979.690674;827.719666;510.925537
262;448.918701;680.799622;146.650513;;;;531.747681;681.176514;250.7173;;;;977.624084;827.059204;511.245361
263;446.712128;680.979248;145.743286;;;;529.607788;680.972351;249.637177;;;;975.845703;826.464417;511.007996
264;444.886658;680.871338;144.731033;;;;527.487;680.829529;248.360046;;;;974.205444;825.7677;510.521759
265;443.10733;680.780945;143.406555;;;;525.458557;680.414429;247.389633;;;;972.727051;825.159973;510.730377
266;441.317169;680.740356;142.30307;;;;523.466614;680.0047;246.566254;;;;970.930969;824.650757;510.865631
267;525.111145;678.083252;139.669495;;;;521.767639;679.739563;245.263916;;;;969.130371;824.161438;510.508484
268;437.63205;680.581909;141.228592;;;;520.425232;679.457947;244.317398;;;;967.958069;823.715881;510.1008
269;436.543335;680.254517;139.478729;;;;518.623596;679.139893;243.355133;;;;966.503967;823.046753;510.043579
270;435.137177;680.082886;137.893112;;;;517.107544;678.754761;242.429306;;;;964.753174;822.37738;510.120819
271;519.665283;678.051086;136.340515;;;;515.746033;678.421143;241.657379;;;;963.428833;821.921082;509.917389
272;518.633606;677.329834;135.456009;;;;514.305481;677.891541;241.03981;;;;962.342896;821.679626;509.377869
273;431.906097;679.448486;134.324875;;;;512.89209;677.472168;239.921371;;;;960.838318;821.21759;509.346405
274;516.098267;676.789246;133.36322;;;;511.673065;677.153259;238.920013;;;;959.302979;820.692017;509.383179
275;515.351135;677.007324;132.953049;;;;510.609161;676.882385;238.058685;;;;958.077881;820.126099;509.323212
276;514.43457;676.453308;132.220795;;;;509.513275;676.366272;237.035141;;;;957.074219;819.461365;509.312378
277;513.520935;675.57373;131.381958;;;;508.05423;675.992371;236.275848;;;;956.000793;819.034424;509.020752
278;512.590088;674.671692;130.463898;;;;506.709869;675.798706;235.891769;;;;955.085083;818.690186;508.500275
279;426.12088;677.414001;128.94101;;;;505.668823;675.388855;235.231033;;;;953.767883;818.446838;508.521118
280;425.066315;677.452942;127.797005;;;;504.86499;675.083374;234.261383;;;;952.283813;817.982483;508.85672
281;424.330109;677.163635;126.907875;;;;503.982513;674.715576;233.408249;;;;951.456787;817.535278;508.804535
282;423.673798;676.776855;126.420349;;;;503.002258;674.43573;232.500336;;;;950.730652;817.006531;508.484467
283;422.549133;676.617004;125.709511;;;;501.856567;674.222717;232.020538;;;;949.846191;816.601196;508.143921
284;507.72937;673.297974;126.151222;;;;500.92572;673.905457;231.384491;;;;948.8255;816.138916;507.787567
285;507.010925;672.784973;125.346497;;;;500.108704;673.620667;230.718597;;;;947.929138;815.89386;507.683441
286;419.802704;675.675537;123.265778;;;;499.205292;673.365479;229.701752;;;;947.269836;815.721924;507.916901
287;419.688629;675.410278;122.283165;;;;498.662994;673.043213;229.06189;;;;946.328003;815.46228;507.894318
288;419.096497;675.109497;121.535934;;;;498.15033;672.688293;228.27037;;;;945.135315;815.179016;507.75412
289;418.215179;674.938232;120.899666;;;;497.474945;672.415039;227.493896;;;;943.996399;815.025513;507.452362
290;417.831573;674.664307;120.161789;;;;496.737244;672.125916;226.436722;;;;943.317627;814.891418;507.108124
291;417.259918;674.474548;119.123238;;;;496.026459;671.925415;225.952713;;;;942.90741;814.61084;506.964447
292;502.207153;671.191467;119.916588;;;;495.233185;671.545898;225.669662;;;;942.388184;814.369019;506.633881
293;501.797302;671.042358;119.378609;;;;494.580444;671.425598;224.895142;;;;941.561218;814.188232;506.23233
294;501.208893;670.320557;118.444466;;;;494.183594;671.246704;224.053513;;;;940.704041;813.95282;506.045105
295;414.901337;673.528198;116.40477;;;;493.7854;671.061584;223.269775;;;;939.775024;813.724365;505.892395
296;414.65799;673.373169;115.582375;;;;493.201141;670.718872;222.507751;;;;938.874512;813.568787;505.743073
297;414.208069;673.149536;114.951057;;;;492.677582;670.53241;221.79393;;;;938.305359;813.454712;505.767395
298;413.405609;672.941345;114.545105;;;;492.283325;670.280579;221.243958;;;;937.84613;813.217773;505.736328
299;412.913269;672.723328;113.475296;;;;491.754669;670.010925;220.595856;;;;937.204224;813.046997;505.652008
300;412.608826;672.496277;112.676956;;;;491.389069;669.852234;219.98407;;;;936.526978;812.8349;505.438049
301;412.4086;672.310303;112.150749;;;;490.886749;669.738464;219.152496;;;;935.7677;812.733948;505.266479
302;412.00116;672.327698;111.40538;;;;490.39035;669.703003;218.665466;;;;935.001038;812.545105;504.932648
303;411.512817;672.347778;110.833481;;;;490.018097;669.539307;218.228912;;;;934.568054;812.419861;504.77533
304;411.067535;672.193481;110.409576;;;;489.708679;669.429993;217.525269;;;;934.324707;812.350098;504.699615
305;410.707825;672.036316;109.547081;;;;489.47345;669.299316;216.823288;;;;933.967834;812.173767;504.529358
306;410.705292;671.972961;108.86219;;;;489.241089;669.127563;215.850174;;;;933.541077;812.022644;504.296753
307;410.779633;671.993347;108.133781;;;;488.699341;668.954712;214.945526;;;;932.9505;811.898315;504.095337
308;495.903381;668.528503;108.843719;;;;488.29837;668.905823;214.544952;;;;932.159302;811.887573;503.71994
309;495.840088;668.549133;108.302856;;;;488.057465;668.843811;214.151718;;;;931.449158;811.771973;503.743683
310;410.440155;672.151733;105.534416;;;;487.8396;668.882996;213.697525;;;;930.998413;811.635254;503.866394
311;410.769501;672.157776;104.00058;;;;487.888611;668.995667;213.002716;;;;930.512756;811.626892;503.681519
312;410.856781;672.149292;103.318672;;;;487.60141;668.974426;212.462219;;;;930.078247;811.602295;503.694244
313;495.10025;667.494324;107.080994;;;;487.191467;668.827271;212.307144;;;;929.698303;811.63916;503.730255
314;494.555969;667.110718;106.994408;;;;486.917358;668.669861;212.287903;;;;929.30719;811.667419;503.527222
315;493.929016;666.602966;107.218903;;;;486.715393;668.5979;212.298019;;;;928.918579;811.70166;503.352509
316;408.323242;672.008545;105.045174;;;;486.479095;668.416565;212.215256;;;;928.597595;811.750793;503.226746
317;492.783722;665.485474;107.224503;;;;486.30954;668.322998;212.110748;;;;928.297363;811.830322;503.103699
318;407.334778;672.021851;104.232498;;;;486.189087;668.302979;211.924072;;;;928.015808;811.969727;502.981323
319;406.977325;671.858276;104.24823;;;;485.997955;668.25592;211.704453;;;;927.838135;812.09137;502.87915
320;406.853668;671.823792;104.235229;;;;485.853546;668.182251;211.513138;;;;927.595093;812.283936;502.695831
321;406.67514;671.767151;104.217613;;;;485.676666;668.102478;211.408783;;;;927.261658;812.500549;502.591919
322;406.49649;671.861023;104.136299;;;;485.59082;667.88678;211.183289;;;;927.246521;812.653076;502.708435
323;406.330292;671.899841;103.982712;;;;485.466309;667.885254;211.015793;;;;927.037964;812.871338;502.669647
324;406.288055;671.901672;103.99704;;;;485.369598;667.797852;211.060516;;;;926.602051;813.15979;502.498322
325;406.19223;671.908264;104.101768;;;;485.312714;667.703125;211.029099;;;;926.685303;813.329773;502.614624
326;406.06134;671.908875;104.106308;;;;485.161133;667.587952;210.986832;;;;926.59613;813.538757;502.651886
327;406.024567;671.904175;104.113518;;;;485.141174;667.515259;210.919739;;;;926.50885;813.70459;502.65509
328;405.995789;671.91748;104.050919;;;;485.112305;667.48053;210.879715;;;;926.324341;813.915771;502.775452
329;405.992279;671.915894;103.906822;;;;485.140137;667.386047;210.855835;;;;926.254578;814.123108;502.824127
330;405.773956;671.769714;104.068306;;;;485.239166;667.394409;210.819016;;;;926.103271;814.288635;502.928253
331;405.878754;671.772888;104.125809;;;;485.29657;667.267517;210.624344;;;;925.887512;814.504944;502.934753
332;405.982941;671.889771;104.032677;;;;485.337463;667.256775;210.532593;;;;925.70636;814.755249;503.050659
333;405.753601;671.870667;104.106323;;;;485.421204;667.350159;210.444946;;;;925.616577;814.879944;503.232574
334;405.905823;671.889404;104.08168;;;;485.439667;667.369995;210.423141;;;;925.376038;815.074524;503.35376
335;406.01297;671.911621;103.984573;;;;485.479126;667.454285;210.392654;;;;925.233765;815.30896;503.592377
336;406.04361;671.922058;103.929764;;;;485.542603;667.470459;210.348236;;;;925.073486;815.625732;503.869995
337;405.756866;671.863953;104.093407;;;;485.648407;667.543518;210.340958;;;;924.77478;815.796021;504.069458
338;405.848846;671.878174;104.064041;;;;486.011658;667.696106;209.976212;;;;924.650146;816.047485;504.285461
339;406.017029;671.996277;103.966614;;;;485.795288;667.691467;210.166092;;;;924.481506;816.222656;504.361908
340;405.802673;671.967957;103.970848;;;;485.680145;667.733154;210.308151;;;;924.390259;816.386108;504.432098
341;405.921112;672.003052;104.022324;;;;485.733704;667.827454;210.255005;;;;924.468445;816.547302;504.504669
342;405.753387;671.956604;104.119843;;;;485.794281;667.932373;210.172104;;;;924.517273;816.71521;504.524139
343;405.875458;671.997375;104.145439;;;;485.852173;667.94635;210.092712;;;;924.453247;816.859314;504.484619
344;405.993011;672.104431;104.000008;;;;485.881866;668.035645;210.057709;;;;924.461853;816.973267;504.485046
345;406.013611;672.057251;103.974281;;;;485.868683;668.120789;210.068756;;;;924.493469;817.116394;504.474976
346;406.043274;672.113892;103.921181;;;;485.834564;668.097107;209.933487;;;;924.542786;817.185425;504.388245
347;406.026764;672.139282;103.958046;;;;485.940155;668.155823;210.007507;;;;924.578064;817.289673;504.380646
348;406.010559;672.123413;103.912918;;;;485.931641;668.265137;209.954254;;;;924.665527;817.399475;504.338806
349;406.011963;672.130127;103.969238;;;;486.040771;668.293823;209.969193;;;;924.748535;817.516418;504.158295
350;405.997742;672.128357;104.009552;;;;486.051422;668.362793;209.931961;;;;924.80127;817.633728;504.024841
351;406.030701;672.217834;103.979889;;;;486.082825;668.464233;209.910324;;;;924.86908;817.682312;503.964539
352;406.009399;672.237366;103.895973;;;;486.090363;668.476929;209.903137;;;;924.964539;817.78241;503.91507
353;406.027954;672.228333;103.815552;;;;486.176666;668.554016;209.841415;;;;925.001221;817.919189;503.921356
354;406.017181;672.243774;103.930389;;;;486.215607;668.578552;209.801712;;;;924.999207;818.023621;503.956024
355;406.037933;672.234314;103.971207;;;;486.218719;668.654663;209.786652;;;;925.082458;818.082642;503.885223
356;405.999359;672.225281;103.917191;;;;486.295044;668.661194;209.787735;;;;925.103333;818.176514;503.899078
357;405.983704;672.233582;103.93792;;;;486.327606;668.661987;209.795746;;;;925.177979;818.240479;503.946564
358;406.031189;672.319641;103.872475;;;;486.307343;668.656128;209.78627;;;;925.134888;818.33905;504.016754
359;405.808777;672.312561;104.214539;;;;486.318909;668.659729;209.799103;;;;925.132568;818.414124;504.071442
360;405.871918;672.295288;104.103859;;;;486.321808;668.660522;209.80159;;;;925.133911;818.512207;504.196198
361;405.745911;672.373962;104.28569;;;;486.350952;668.734802;209.729858;;;;925.13208;818.618958;504.222687
362;405.891632;672.316589;104.06913;;;;486.342285;668.774353;209.739288;;;;925.071594;818.677551;504.277954
363;406.059723;672.32251;103.864388;;;;486.33963;668.755188;209.760788;;;;924.99408;818.781738;504.352997
364;405.808594;672.409607;104.117271;;;;486.341217;668.753174;209.771866;;;;924.85675;818.871643;504.481659
365;405.899872;672.330139;104.115356;;;;486.312805;668.752869;209.7677;;;;924.747925;818.938843;504.545959
366;405.963257;672.320618;103.90123;;;;486.518951;668.954651;209.622971;;;;924.696838;819.013916;504.627411
367;406.065277;672.432434;103.864578;;;;486.606293;668.998779;209.550888;;;;924.696594;819.091187;504.641449
368;406.035553;672.371643;103.786568;;;;486.343933;668.895264;209.630432;;;;924.643494;819.145996;504.696899
369;406.001068;672.432983;103.822075;;;;486.451935;668.97168;209.580978;;;;924.562256;819.231995;504.774628
370;405.939056;672.456177;103.89489;;;;486.34903;668.883667;209.640533;;;;924.553711;819.259277;504.782196
371;405.924927;672.441956;103.886269;;;;486.301331;668.852844;209.69104;;;;924.497681;819.307434;504.859741
372;405.884277;672.452148;103.941254;;;;486.455444;668.980408;209.597809;;;;924.487854;819.358765;504.876831
373;405.688751;672.375732;104.010475;;;;486.358948;668.895447;209.638519;;;;924.492065;819.361938;504.872986
374;405.838257;672.407288;103.971336;;;;486.270935;668.868958;209.712738;;;;924.402161;819.408997;504.937653
375;405.948395;672.44043;103.864174;;;;486.497742;668.966125;209.546478;;;;924.469971;819.460388;505.004242
376;405.71405;672.396423;103.949257;;;;486.526825;669.015869;209.515213;;;;924.495117;819.463013;505.008789
377;405.842346;672.415283;103.957886;;;;486.268951;668.913696;209.616592;;;;924.493652;819.460083;505.003906
378;405.900116;672.444458;103.907692;;;;486.169189;668.859741;209.662964;;;;924.486023;819.512085;505.009613
379;405.835266;672.458618;103.84671;;;;486.180878;668.866516;209.662521;;;;924.483826;819.51886;505.01123
380;405.829987;672.461365;103.833351;;;;486.221008;668.875427;209.635086;;;;924.484436;819.516479;505.010956
381;405.81546;672.456055;103.852158;;;;486.1922;668.792908;209.657608;;;;924.483521;819.614563;505.02124
382;405.804779;672.452026;103.870277;;;;486.175476;668.774414;209.678329;;;;924.482239;819.627075;505.023346
383;405.816986;672.444397;103.824257;;;;486.174438;668.777954;209.680283;;;;924.482422;819.622498;505.022705
384;405.84079;672.458313;103.825432;;;;486.177277;668.780884;209.6763;;;;924.543823;819.613159;505.076263
385;405.842255;672.459717;103.821938;;;;486.167816;668.86908;209.630966;;;;924.552734;819.664429;505.091461
386;405.788452;672.457703;103.902122;;;;486.060211;668.828369;209.549667;;;;924.547363;819.67157;505.089935
387;405.77951;672.447205;103.910324;;;;486.012268;668.897827;209.587326;;;;924.544067;819.76825;505.098969
388;405.812561;672.44989;103.862305;;;;486.101044;668.897766;209.587189;;;;924.506836;819.789917;505.153656
