Frame;1_X;1_Y;1_Z;2_X;2_Y;2_Z;3_X;3_Y;3_Z;4_X;4_Y;4_Z;5_X;5_Y;5_Z
1;992.324524;623.179932;279.77478;760.054077;486.168549;30.193291;896.233459;513.693726;61.346298;1083.519409;701.434387;474.007965;830.678223;445.565857;31.084017
2;992.349854;623.160645;279.775299;760.044434;486.13324;30.137009;896.186096;513.728333;61.142067;1083.47644;701.374939;473.933014;831.044373;445.8909;30.961088
3;992.270447;623.189758;279.729492;760.037598;486.119843;30.220774;896.225525;513.645264;61.204102;1083.498291;701.332825;473.982971;830.663818;446.132111;30.92543
4;992.278015;623.105225;279.78125;760.040161;486.097443;30.236607;896.177368;513.662598;61.190052;1083.46167;701.332336;473.943817;830.970642;445.9375;30.896648
5;992.300476;623.074158;279.792114;760.020691;486.139709;30.171551;896.204773;513.644775;61.138763;1083.41333;701.30304;473.924713;830.793396;445.616272;30.98885
6;991.975769;623.233826;279.81073;759.997864;486.128143;30.140491;896.203491;513.657532;61.159618;1083.51709;701.25824;473.890289;830.150696;445.703308;31.219345
7;992.176453;623.104431;279.784546;760.000488;486.114563;30.125839;896.226318;513.740417;61.154495;1083.528687;701.223938;473.867676;829.955872;445.736267;31.357372
8;992.257813;623.083984;279.732666;760.058044;486.089539;30.171007;896.201111;513.653687;61.109161;1083.519897;701.222534;473.866241;830.873962;445.83609;31.072617
9;992.314514;623.077515;279.709076;759.989014;486.12439;30.199423;896.200012;513.685486;61.294842;1083.481689;701.22821;473.80658;830.885498;445.661133;30.92639
10;992.316101;623.064575;279.722473;760.073425;486.119385;30.16432;896.208496;513.73822;61.203537;1083.639771;701.18512;473.801819;831.016785;445.807648;30.904009
11;992.341614;623.181213;279.697083;760.020386;486.141724;30.200335;896.221069;513.678101;61.149086;1083.690674;701.167969;473.803345;831.046631;445.880524;30.92868
12;992.363403;623.117371;279.723389;759.997742;486.105316;30.246887;896.163574;513.626526;61.212101;1083.733032;701.129089;473.751495;831.061157;445.894318;30.92713
13;992.376587;623.072083;279.695404;760.000732;486.132935;30.186062;896.151062;513.699585;61.228924;1083.842163;701.102722;473.692017;831.061829;445.88913;30.924604
14;992.41748;623.008301;279.59317;760.020386;486.102936;30.203463;896.216858;513.610962;61.313469;1083.91272;701.098267;473.742859;831.033752;445.8685;30.941166
15;992.617737;623.053467;279.256256;759.991577;486.113861;30.168068;896.187683;513.594604;61.34787;1083.898315;701.094727;473.559814;831.05127;445.878937;30.934788
16;992.586975;623.219177;279.373138;759.988831;486.111725;30.123999;896.212952;513.711731;61.151768;1084.089844;701.027039;473.611206;831.060669;445.886353;30.926046
17;992.673889;623.218689;279.254761;759.984253;486.12796;30.169485;896.231934;513.689941;61.225315;1084.249023;700.995117;473.583618;830.641418;446.098511;30.94887
18;992.793457;623.206177;279.17514;759.978455;486.128906;30.187807;896.220154;513.641785;61.28577;1084.40979;700.913086;473.503723;830.509827;446.130493;30.993385
19;992.900085;623.174561;279.16626;760.009277;486.133972;30.187023;896.215698;513.742371;61.211456;1084.575562;700.892273;473.402863;830.754517;445.848877;31.21693
20;992.963562;623.34082;279.234467;759.986389;486.128998;30.181639;896.190918;513.683655;61.176933;1084.748657;700.883301;473.416351;830.607422;446.032684;31.046061
21;993.043945;623.420105;279.318695;759.974121;486.111176;30.229204;896.14447;513.654358;61.292805;1084.841553;700.829163;473.34964;830.990479;445.92804;30.930447
22;993.057739;623.694519;279.436188;759.989929;486.069641;30.221188;896.083374;513.65863;61.301868;1084.984253;700.810242;473.360779;831.102539;445.884369;30.898397
23;993.216003;623.870605;279.5271;760.099976;486.050964;30.26041;896.065002;513.650208;61.360256;1085.161133;700.706421;473.253143;830.634949;446.077209;30.952398
24;993.478394;624.126953;279.797913;759.995117;486.089203;30.308001;896.067444;513.65863;61.407001;1085.278198;700.716797;473.246246;830.667053;445.843933;31.24629
25;993.522339;624.324585;279.737549;760.018494;486.056488;30.341331;896.023193;513.669128;61.46817;1085.374268;700.737244;473.159149;830.927795;445.830688;31.086985
26;993.746277;624.494019;279.752167;759.924988;486.11441;30.307045;895.968079;513.788696;61.547729;1085.535522;700.799561;473.162354;830.972351;445.874512;30.959459
27;993.95105;624.735229;279.862183;759.908325;486.214905;30.35556;895.9104;513.843018;61.628799;1085.663452;700.825378;473.072845;830.944031;445.896362;30.976954
28;993.751953;624.92627;280.060883;759.885742;486.243103;30.299023;895.817505;513.842468;61.72612;1085.790405;700.840088;472.898285;830.898926;445.910675;30.972622
29;994.194458;625.55011;280.121552;759.867432;486.218842;30.366522;895.763489;513.815918;61.899364;1086.05603;700.853516;473.039215;830.855286;445.890656;30.978388
30;994.586853;626.225159;280.168701;760.031128;486.377594;30.42853;895.68573;513.815369;62.023544;1086.156982;700.976746;473.102631;830.874084;445.909424;31.006273
31;994.84314;626.759583;280.192291;759.847534;486.287842;30.485407;895.556396;513.813232;62.257164;1086.374878;701.07959;473.092224;830.846619;445.935364;31.014837
32;995.156128;627.500366;279.842102;759.768372;486.210175;30.496246;895.39093;513.825439;62.567863;1086.557495;701.248901;473.155945;830.463196;446.086517;31.006292
33;995.718384;627.911194;279.835785;759.769775;486.321991;30.540085;895.201782;513.795715;62.916977;1086.829834;701.409546;473.214233;830.654541;445.924347;31.067293
34;996.068298;628.361877;279.871399;759.710083;486.378082;30.603851;894.897705;514.006653;63.602486;1087.439453;701.607361;473.002563;830.747314;445.984589;31.046648
35;996.474121;629.219421;279.903748;759.671631;486.464386;30.670567;894.678284;513.992615;64.242867;1088.022705;701.713806;472.8638;830.788086;446.018219;31.051006
36;996.981384;630.180054;279.857025;759.578186;486.59964;30.704288;894.50946;514.133545;64.682732;1088.575195;701.956482;472.77475;830.257996;446.035492;31.327387
37;997.489746;631.159851;279.755615;759.536499;486.594513;30.841003;894.255554;514.480286;65.507721;1089.302612;702.081421;472.653503;830.591919;445.801788;31.68499
38;998.0578;631.748718;279.677765;759.535095;486.744659;30.888912;894.258423;514.832031;66.096031;1089.916382;702.396851;472.543518;830.910339;445.715912;31.983995
39;998.72821;632.828857;279.458862;759.621399;486.863037;31.011959;894.250793;514.977112;66.667999;1090.656616;702.533325;472.449982;831.048645;445.696594;32.473202
40;999.639343;634.211304;279.293121;759.640259;486.991852;31.109715;894.093933;515.331604;67.712868;1091.168335;702.690247;472.559296;831.16095;445.805298;33.34726
41;1000.920471;635.318726;279.286041;759.731262;487.311371;31.112957;893.786255;516.004639;69.041267;1091.598755;702.972107;472.42041;831.203308;445.78363;34.723877
42;1001.703186;636.55011;279.53067;759.861572;487.676849;31.305691;893.864868;516.676208;70.111366;1091.989502;703.139771;472.184052;831.189026;445.925293;36.505169
43;1002.468384;638.080322;279.566376;759.844116;488.307068;31.435953;893.779419;517.379211;70.889053;1092.634644;703.261047;471.795502;831.122803;446.109833;37.975124
44;1003.029297;639.463562;279.817688;759.919678;488.925751;33.565807;893.872253;517.921631;71.702316;1093.270874;703.563354;471.49942;831.154297;446.352997;39.90646
45;1003.82312;641.180481;279.733429;759.925049;489.39978;35.966824;893.989502;518.496887;73.175941;1093.681763;703.895508;471.074127;830.945068;446.490845;42.404545
46;1004.981201;642.790161;279.009003;759.51355;490.087769;38.701;894.291748;519.044067;75.220528;1094.344849;704.141357;471.267548;831.050476;446.64035;44.312653
47;1006.602783;644.131592;278.799683;759.458496;490.545715;41.431175;894.376709;519.842712;76.318497;1095.026855;704.458801;471.322327;831.407593;446.913513;46.734699
48;1007.896423;645.759155;278.747009;759.236084;491.250732;44.617771;894.609314;520.725586;77.893875;1096.054077;704.805725;471.265228;831.576294;447.028381;49.322407
49;1009.434692;647.327759;279.028015;759.329407;491.868469;47.827293;894.721069;521.283142;79.884682;1096.969727;705.148682;471.256226;831.788574;447.111908;52.136906
50;1010.795349;649.009399;279.229858;759.370483;492.507568;50.590179;895.140015;522.010986;81.885567;1097.954956;705.628662;471.100769;832.000366;447.317657;55.368908
51;1012.18512;650.422058;279.468201;759.829102;493.064972;53.985401;895.450928;522.634766;83.816849;1099.060181;706.017517;470.904785;832.278015;447.221375;58.241283
52;1014.149353;652.496948;279.733643;760.037476;493.688202;57.411457;895.883301;523.506958;85.893623;1099.569702;706.553711;471.105133;832.925476;447.379425;61.778522
53;1016.217896;654.036926;279.715942;760.547302;494.099091;61.213192;896.481995;524.304138;88.020401;1099.998779;707.075684;471.317719;833.982605;447.425934;65.433525
54;1017.762451;655.960266;279.79483;761.254395;494.298645;65.26107;897.358276;525.329712;90.820755;1100.791138;707.638123;471.340637;834.619568;447.282318;68.908051
55;1019.798096;657.399048;279.721863;761.993103;494.761414;69.423058;898.255493;525.880676;92.943291;1101.659912;708.218811;471.046051;835.786316;447.369019;72.680626
56;1021.487793;659.563232;279.80014;762.366943;495.130859;73.817322;898.964417;526.928955;95.682785;1102.964844;708.81073;471.217834;837.056213;447.456635;76.621407
57;1023.69989;661.568115;280.007843;763.244507;495.446899;78.656464;899.995605;527.690491;98.567184;1104.262085;709.324219;471.4664;838.012817;447.552185;81.135544
58;1025.640137;663.426086;280.476501;764.505127;495.768616;83.632401;900.842651;528.548096;101.459785;1105.452393;709.703186;471.719788;839.207458;447.558533;85.628998
59;1027.594482;665.247192;280.607208;765.493164;496.210663;88.92141;902.27655;529.228882;103.88147;1106.131592;710.361877;471.621094;840.678345;447.58725;89.889565
60;1029.230713;667.086243;280.974335;766.896423;496.473328;94.150269;903.526062;530.154541;107.123077;1107.262939;710.99707;471.58963;842.263733;447.963867;94.326302
61;1032.147217;669.023376;281.44458;768.085815;496.59787;99.260567;904.778076;531.12677;110.291039;1108.454956;711.59021;471.643555;843.778381;448.573883;99.035858
62;1034.523315;670.95813;281.132935;769.80011;496.630798;105.149223;906.018555;532.044739;113.182182;1109.848511;712.220825;471.687073;845.120911;448.972351;103.957634
63;1036.393555;672.985657;281.183899;771.401184;497.155945;111.211594;907.234497;533.053711;116.295013;1110.837158;712.833374;472.025909;846.829285;449.236328;108.694077
64;1038.576904;674.777466;281.629059;773.269287;496.927673;117.251137;908.6427;534.200256;120.066933;1111.898804;713.34967;472.211761;848.091187;449.785889;113.668304
65;1040.686401;677.010864;282.201477;775.504578;496.97229;123.780212;910.34906;535.07959;123.396599;1113.209106;713.821228;472.077698;849.374023;450.589264;118.740448
66;1043.684082;678.514893;282.752899;777.257202;497.711945;130.202164;912.067505;536.053162;126.818733;1114.491699;714.345581;472.082031;850.809875;451.516449;123.835938
67;1046.157471;680.772766;282.968964;779.539673;497.860565;136.668259;913.035156;537.36145;130.340134;1115.637207;715.13031;472.253754;852.568542;452.176422;129.2939
68;1047.926025;682.483337;283.549957;781.761047;498.6922;143.60672;914.913147;538.478455;133.304474;1116.629761;715.790283;472.506165;853.823425;453.17157;133.934021
69;1050.117554;684.34613;283.874695;783.751221;500.092224;149.725006;916.580872;539.428711;137.078217;1117.835449;716.333252;472.417297;855.375183;454.629181;139.206467
70;1052.984863;685.971985;284.517975;786.350159;501.126678;156.233139;917.780518;540.753113;140.93103;1119.556763;716.711914;472.327667;856.597534;456.081329;144.232117
71;1055.275146;687.778503;285.197235;788.835938;502.843628;163.443405;919.954895;542.247009;144.202805;1121.243408;717.018127;472.592194;857.868591;457.204285;149.428345
72;1057.316406;689.591125;285.517853;790.612549;504.922333;170.43866;921.425354;543.364624;147.564804;1122.076782;717.701782;472.90802;859.476868;458.727142;154.899185
73;1059.653564;691.565247;285.905182;793.042603;507.260284;177.027145;922.780579;544.861633;151.062927;1123.120972;718.356079;473.048859;860.902466;460.330719;160.287521
74;1062.083984;692.727661;286.586212;795.13623;509.83313;183.476898;925.236023;545.706848;154.206345;1124.519287;718.905457;473.064545;862.298157;462.015076;165.806351
75;1064.828735;694.243103;286.706543;797.659241;512.478271;189.345108;927.315063;546.764282;157.634064;1125.79834;719.214172;473.228485;863.583435;463.900391;170.801575
76;1066.330566;696.15387;287.708466;799.351318;515.199951;195.824356;929.021606;548.261597;160.873505;1127.434937;719.514038;473.763641;864.920105;465.735779;175.995956
77;1068.412109;697.990906;288.527679;801.828979;518.212708;201.930786;930.218384;549.74292;164.160278;1128.265991;720.001465;473.918976;866.150208;467.581848;181.037689
78;1070.621704;698.877502;288.757599;804.177551;521.264343;207.212463;931.526428;551.636597;167.294434;1129.031494;720.526062;473.957916;867.584961;469.990143;185.758102
79;1073.512207;700.266418;289.512726;805.972778;524.660889;213.23381;933.091919;553.141968;170.265228;1129.721069;720.957886;473.721161;868.644775;472.266663;190.975006
80;1075.586426;701.846008;290.362213;808.154114;527.987915;218.036072;934.890869;554.568542;173.82724;1131.670044;721.253906;474.207886;869.439758;474.714539;196.061615
81;1077.796509;702.861877;291.024658;809.753967;531.760803;222.687225;936.541199;556.374695;176.403076;1133.520752;721.495544;474.733551;870.517212;477.360779;200.140915
82;1081.031128;703.831909;290.603973;811.357788;535.800842;227.259033;937.875977;557.65155;179.172134;1134.306519;721.913208;475.175446;871.206604;479.767731;204.508896
83;1083.031494;705.401489;291.841919;813.391724;539.755676;232.43869;938.403931;559.633972;181.972229;1134.746582;722.420898;475.167633;871.778503;482.381744;208.714828
84;1084.801758;706.57489;292.573792;814.754883;543.913696;236.230621;940.568604;561.286743;184.138901;1136.000122;722.779297;475.331055;872.838562;485.162231;212.191238
85;1087.860474;706.981995;292.98941;816.581909;547.845215;240.55307;942.011353;562.880981;186.686691;1137.345337;723.045532;475.706085;873.435242;487.693542;215.583801
86;1090.559326;708.287292;293.1521;818.262024;552.283997;244.227249;942.591614;564.66156;188.673325;1138.517212;723.260986;475.814636;874.065918;490.140594;218.308365
87;1092.057007;709.246643;293.994629;820.095703;556.910461;247.458374;943.575073;566.885742;191.156021;1139.800171;723.337219;475.922058;874.499146;493.193939;221.485641
88;1094.764526;709.688843;294.235748;821.548401;561.95575;250.612946;944.628052;568.872559;192.785751;1140.362305;723.735718;476.07193;874.281433;496.217529;224.504623
89;1096.760132;710.462952;294.685944;822.928162;566.699707;254.005951;945.376953;570.976563;194.666656;1141.307983;723.949768;476.375458;874.545959;499.093384;227.132462
90;1097.954956;711.577942;295.558258;824.537659;571.605835;257.377869;946.447998;573.021973;195.702652;1142.563232;724.168579;476.547882;874.762817;502.055084;229.114517
91;1100.535278;711.829773;295.946106;825.756958;576.740295;259.65451;946.854553;575.356262;197.02269;1143.704712;724.35083;476.40329;874.874146;505.149689;230.869568
92;1102.39502;712.757507;296.063171;827.202087;581.807373;261.771912;947.453369;577.375854;197.925705;1144.745483;724.322021;476.409424;874.536072;508.432739;233.062897
93;1103.853394;713.386169;296.110992;828.539978;586.912659;263.650269;948.381165;579.555542;198.803452;1145.578979;724.447205;476.591675;874.02301;511.85965;233.948517
94;1106.268188;713.663574;295.690826;830.080139;592.053833;265.39035;949.270447;581.482544;200.165451;1146.182373;724.540222;476.720215;874.257446;515.085999;235.834946
95;1108.916382;713.958923;295.909058;830.883484;597.169495;266.70694;949.837219;583.151001;200.593399;1147.203613;724.705261;476.828491;873.321716;518.120544;235.603256
96;1110.207642;714.49707;295.743591;831.874451;602.07843;267.584595;949.751831;585.540771;200.627045;1148.369385;724.819153;476.892303;872.651978;521.715027;235.934464
97;1110.799683;715.370117;296.294952;833.134766;607.113586;267.656647;949.651123;587.60199;201.312866;1149.335571;724.830444;476.77771;872.595703;525.103699;236.217865
98;1112.760864;715.490479;296.598999;834.120483;611.80603;267.214203;950.00238;590.077576;201.520309;1150.156006;724.79187;476.668365;872.278931;528.437195;236.352951
99;1115.1698;715.360535;296.408478;834.529602;616.614563;267.493103;950.226746;592.05719;201.44902;1150.84668;724.876831;476.686249;872.124634;530.848206;237.37117
100;1115.631226;716.186584;296.383209;834.8830869999999;621.6072234999999;266.48513025;950.398804;594.359253;201.018494;1151.10376;724.897949;476.636078;871.256653;534.829041;235.83165
101;1116.132202;716.81488;296.38916;835.236572;626.599884;265.4771575;950.417664;596.896362;200.943222;1151.962769;724.995361;476.488953;871.011047;538.635803;234.299728
102;1117.456543;716.990173;296.217529;835.590057;631.5925445;264.46918475;950.25769;599.497253;200.851318;1152.891724;724.96582;476.365356;870.171143;541.405457;233.486526
103;1119.071411;716.934082;295.802765;835.943542;636.585205;263.461212;949.96283;601.789246;200.043518;1153.61499;724.793945;476.215088;868.757263;543.478271;233.517914
104;1120.285767;716.92572;295.77713;835.699524;641.040833;261.911316;949.584473;603.957031;198.625275;1154.241089;724.738647;476.091187;867.414795;546.324707;232.456436
105;1121.359863;717.341614;295.503998;835.838623;645.642822;260.222626;949.130249;606.096069;197.525345;1155.045654;724.661621;476.036743;866.417847;549.395203;230.270935
106;1121.995361;717.769958;295.406952;835.737244;650.334961;257.388367;948.605591;608.20813;196.131195;1155.718018;724.652344;476.13031;865.13446;552.31842;228.029144
107;1122.182495;718.075134;295.353119;835.834229;654.783997;254.692581;948.15509;610.085815;194.816818;1156.210815;724.707458;475.827362;864.151062;554.791992;224.790771
108;1122.069336;718.673706;294.961365;835.679016;659.251221;251.704651;948.259216;612.340881;192.840668;1156.838135;724.681396;475.693512;862.801636;557.565735;221.834839
109;1122.253906;718.948914;294.506989;835.520752;663.09137;249.193192;948.332214;614.086121;190.848282;1157.291382;724.598816;475.445526;861.26593;560.005249;218.966858
110;1123.004517;718.882385;293.873688;834.645325;666.955017;246.404419;947.725159;616.310852;188.990585;1157.626953;724.552795;475.235107;859.884949;562.460571;215.655289
111;1123.691528;718.775757;292.972473;834.274597;670.706238;242.903976;946.915405;618.301636;187.30629;1158.00354;724.50824;475.087799;858.719116;564.830566;211.828156
112;1123.840942;718.727417;291.682526;833.237488;674.257935;239.154419;946.483704;620.401794;184.962204;1158.246582;724.481079;474.964081;857.12384;567.318176;208.19516
113;1123.742432;718.792175;291.152832;832.183777;677.949036;234.856262;945.08374;622.240601;183.204437;1158.423096;724.471375;474.829437;855.963989;569.353394;204.232437
114;1123.340088;718.947266;291.073151;831.274414;681.018982;230.63652;944.048706;624.564026;181.055679;1158.633667;724.396851;474.399048;854.457031;571.518433;200.294052
115;1122.891357;719.400513;290.67572;829.843079;684.130737;226.365082;943.921509;625.875;178.119339;1158.77478;724.46228;474.04834;853.189148;573.495972;196.042755
116;1122.881836;719.538635;290.086243;828.676941;687.439026;222.149551;942.384827;627.950745;175.443344;1158.993286;724.478821;473.754852;851.818298;575.505859;192.06366
117;1123.050537;719.411377;289.492249;827.115356;690.748535;217.792587;941.640015;629.672058;173.241333;1159.185303;724.358582;473.440857;850.731506;577.366516;187.633179
118;1123.169189;719.167542;288.641479;826.341858;693.558838;213.158127;941.524109;631.122925;170.315704;1159.217041;724.306091;473.015869;849.113281;579.067932;183.684494
119;1122.390259;719.478149;287.758301;825.501465;696.459656;208.170578;940.05426;632.807373;167.54184;1159.311646;724.194641;472.649536;848.088257;580.457703;178.951004
120;1121.564453;719.780457;287.122375;824.646057;699.383423;203.410843;939.461731;634.062683;164.672699;1159.282104;724.065186;472.257507;846.844177;582.390869;175.004791
121;1120.779907;719.880859;286.358398;823.841675;702.030579;198.831299;938.466431;635.879272;162.759674;1159.364136;723.971924;471.854553;845.730652;583.702209;170.788086
122;1119.99585;719.966064;285.865784;822.836792;704.422363;194.612717;937.199951;637.101196;160.321198;1159.158569;723.963623;471.508148;844.914368;585.063293;166.642517
123;1118.734619;720.128662;285.425507;821.959229;706.740356;190.483032;936.492554;638.35907;157.705765;1159.004761;723.874756;471.1315;844.133423;586.684631;162.626007
124;1118.29541;719.841309;284.647491;821.247742;708.724915;185.906769;936.000122;639.740234;155.433502;1158.760986;723.757324;470.897003;843.285095;587.642212;159.546906
125;1117.299194;719.885742;283.805603;820.268921;710.774719;181.899078;934.914246;641.171204;152.649734;1158.424072;723.692566;470.589722;842.452026;588.530762;155.580353
126;1116.137329;720.492737;282.976105;819.552368;712.327271;178.064041;934.504272;641.923889;150.333572;1158.084595;723.66217;470.267181;841.747009;589.867432;151.67923
127;1114.761597;720.611084;282.196594;818.521606;713.724304;174.641907;933.8125;642.802307;147.850616;1157.69751;723.636108;469.898834;840.78717;591.178345;148.07341
128;1113.736328;720.542542;281.735168;817.521606;715.138733;171.489456;933.056274;643.948914;145.681335;1157.130981;723.609436;469.349854;839.9505;592.44873;144.163803
129;1113.177979;720.197388;281.068359;816.772644;716.464294;168.562912;931.786072;645.474731;143.347992;1156.68689;723.524109;468.991364;839.800659;592.881836;140.867828
130;1112.427979;719.905273;280.15448;816.237244;717.373596;165.542725;931.20813;646.18988;141.233505;1156.388184;723.544739;468.599945;839.022461;593.999573;138.154037
131;1111.44043;719.968384;279.471497;815.261414;718.495667;162.268311;930.84729;646.843201;138.770477;1156.021851;723.476685;468.3479;838.097717;595.215027;134.694565
132;1110.0625;720.138062;278.622406;814.285706;719.254211;159.441757;930.545776;647.609314;136.992584;1155.716919;723.406067;468.002747;837.100403;596.234436;131.524536
133;1109.152954;719.898499;277.923676;813.614624;720.172302;156.90239;929.572266;648.695496;134.750824;1155.587646;723.360901;467.916016;836.742004;596.630859;128.966934
134;1107.852173;719.704468;277.658905;812.356689;721.102966;153.95314;928.584412;649.873108;133.149918;1155.245728;723.328186;467.545105;836.034119;597.424866;125.545784
135;1107.090332;719.198486;277.322083;811.101563;721.844421;150.827515;928.133972;650.444336;130.866974;1154.79541;723.381226;467.330475;835.453735;598.093994;122.879448
136;1105.981323;718.990601;276.614136;809.741333;722.43988;147.63652;927.318787;650.891479;129.317688;1154.039429;723.49585;466.744781;834.910034;598.739685;120.313736
137;1105.102417;718.865234;276.123718;808.529114;723.0672;144.174133;925.751831;651.835266;127.927834;1153.366943;723.534607;466.271698;834.031982;599.460144;117.147385
138;1104.022583;718.774719;275.137756;807.754272;723.813354;141.108627;925.189148;652.563232;126.434067;1152.884888;723.488892;465.857941;833.693481;600.131409;114.892281
139;1102.89978;718.600647;274.953003;806.965637;724.473816;138.366989;924.614929;652.941833;124.762802;1152.217529;723.436096;465.457886;832.979309;600.463989;112.564644
140;1101.81311;718.483337;274.473022;806.026428;725.024902;135.289917;923.668396;653.552246;123.391777;1151.974487;723.449768;465.08374;832.422852;600.773682;110.564514
141;1101.334106;718.344727;273.961548;804.99292;725.489929;132.802856;922.689331;654.47522;122.378609;1151.794556;723.427429;464.845093;831.77832;601.204712;108.33844
142;1100.657959;718.270996;273.575806;803.816711;725.993347;130.433548;921.334656;655.007935;120.937187;1151.504395;723.429077;464.700348;831.001404;601.638245;106.876358
143;1099.69397;718.449707;273.110229;802.810425;726.225769;127.547531;921.16217;655.068115;119.645584;1151.265991;723.34552;464.307159;830.174744;601.759583;104.818855
144;1097.879028;718.536804;272.109161;801.642944;726.368286;125.483734;920.635132;655.652527;118.73967;1150.728027;723.248413;463.911377;829.512207;602.068604;103.174248
145;1097.265137;718.510803;271.995972;800.838562;726.385803;123.095604;919.864929;656.032166;117.474007;1150.419434;723.175781;463.574158;829.115417;602.385864;101.575928
146;1096.625854;718.093445;272.008545;799.898865;726.121155;120.833923;919.192017;656.236938;116.638565;1149.996582;723.205139;463.251404;828.41687;602.753479;100.056488
147;1096.683105;717.78772;271.416138;799.146179;725.974304;119.02739;918.482117;656.419617;115.452126;1149.694458;723.226013;463.030029;828.064941;602.805725;98.506439
148;1096.093628;717.795959;270.879791;797.698975;725.698303;116.784325;918.314575;656.56488;114.120491;1149.238159;723.339417;462.868866;827.479431;603.226074;96.856621
149;1094.733398;718.109436;270.217804;796.519836;725.094055;115.089279;917.469238;656.786133;113.504906;1148.830933;723.398499;462.693634;826.992859;603.47644;95.491188
150;1093.809692;718.165649;269.913116;795.51532;724.928772;112.651733;916.636963;656.817993;113.256271;1148.621094;723.342163;462.497375;826.359619;603.46344;94.081696
151;1093.119507;718.077148;269.74234;794.43103;724.071594;110.699547;915.704102;656.949097;113.093201;1148.239136;723.380188;462.144104;825.609314;603.535522;92.790459
152;1092.236572;717.868958;269.617126;793.537109;722.584778;108.805573;914.742798;657.023926;112.615334;1147.742065;723.416382;461.65387;825.328735;603.528503;91.567818
153;1091.521362;717.77124;269.425537;791.932556;721.301086;107.522034;914.012329;657.223816;111.533661;1147.291748;723.447876;461.199371;825.187988;603.279053;90.119644
154;1090.911133;717.534607;269.179138;791.084534;720.301086;105.773308;913.509399;657.47467;110.336319;1147.118896;723.501648;460.951294;824.633179;603.16272;88.461128
155;1091.854248;716.360413;267.463654;790.485107;719.520996;105.040901;913.216125;657.541748;109.812668;1146.945679;723.420166;460.664581;823.910339;602.70282;87.586395
156;1091.502441;716.395203;267.490692;789.425781;719.006287;104.563202;912.631165;657.444092;109.288872;1146.788574;723.449219;460.506805;823.999207;602.774719;86.598114
157;1090.646729;716.634338;267.31958;788.134583;718.637451;104.100822;911.997009;657.283203;108.766541;1146.755371;723.460205;460.242279;823.702515;602.763184;85.103455
158;1088.684326;716.833618;267.075531;787.636658;718.28656;103.659935;911.693542;657.131836;108.383507;1146.611816;723.428162;460.071198;823.309448;602.838257;83.905403
159;1087.863647;716.714783;267.387939;787.504456;717.652405;103.082222;911.516785;657.093323;107.774834;1146.523926;723.452942;459.93338;822.848694;603.003113;83.158821
160;1087.123901;716.373901;267.07373;787.298889;716.661377;102.441185;911.328857;656.941284;107.225075;1146.534302;723.318604;460.110077;822.376465;603.08075;82.44072
161;1086.528442;716.276123;266.611511;786.869324;715.646484;102.403839;911.06073;656.51416;106.705872;1146.224976;723.417542;459.361053;821.587952;603.154785;81.575348
162;1086.052002;716.266724;266.379822;786.148743;715.033875;102.462532;910.459961;656.326843;106.239929;1145.738037;723.468567;458.825623;820.801025;603.301025;80.64373
163;1085.612305;716.108093;266.189606;785.549744;714.582153;102.141548;909.885864;656.236511;105.81385;1145.194946;723.542175;458.387573;820.449097;603.645203;79.929253
164;1085.153198;715.877441;265.97171;785.16748;713.838074;101.713181;909.319275;656.271301;105.644707;1144.658569;723.745728;457.931732;820.101868;603.986206;79.377663
165;1085.475952;715.332764;265.662537;784.88678;712.95929;101.204681;909.195435;655.997559;105.453476;1144.362915;723.708374;457.717438;819.585083;604.289307;78.848793
166;1085.114014;714.885315;265.476379;784.827087;712.211243;100.672073;909.057373;655.88031;105.275558;1143.978149;723.698853;457.676758;818.950684;604.857422;78.23484
167;1084.934204;714.908508;264.66037;784.900757;711.548401;100.294167;908.85498;655.82312;105.03093;1143.749146;723.747986;457.567474;818.443909;605.407593;77.3983
168;1084.29834;714.772949;264.537323;784.774231;711.290527;99.884338;908.601746;655.661438;104.82946;1143.403564;723.758911;457.143616;818.036682;606.032654;77.219475
169;1083.407593;714.732117;264.406372;784.539185;710.902283;99.229713;908.462402;655.547852;104.667313;1143.258789;723.890686;457.001312;817.560303;606.601318;76.852409
170;1082.418701;714.917114;264.632843;784.310425;710.378235;98.367256;908.103455;655.480713;104.445244;1142.969482;723.97467;457.013824;816.941223;607.108948;76.280037
171;1082.616943;714.468384;264.098267;784.368042;709.755066;97.401413;907.835388;655.349365;104.238647;1142.795288;723.951538;456.866638;816.348999;607.58075;75.832825
172;1082.779175;714.26709;263.562836;784.409363;709.20575;96.683479;907.435303;655.400208;103.955292;1142.530273;723.957825;456.597107;815.76886;608.255005;75.865997
173;1082.680542;714.113342;263.327972;784.2947389999999;708.6599125;96.2238805;907.290405;655.505432;103.767769;1142.152344;724.019592;456.460663;815.226318;608.960632;75.732742
174;1082.535156;714.01947;263.144012;784.180115;708.114075;95.764282;907.14032;655.590759;103.653687;1141.793091;724.0224;456.157928;814.758179;609.920044;75.851967
175;1082.293457;713.917236;263.053772;784.018982;707.661377;95.59713;906.93927;655.830444;103.949684;1141.50769;724.043579;455.99939;814.295715;610.958984;75.995834
176;1082.127686;713.912659;262.87146;783.794983;707.21814;95.515633;906.815979;656.02124;104.032188;1141.321655;724.023926;455.956268;813.730469;611.720703;75.878853
177;1082.054077;713.825134;262.580078;783.359741;706.379211;95.238106;906.655823;656.156555;103.959442;1141.185791;724.077759;455.952698;813.108521;612.389099;75.725655
178;1081.94104;713.796265;262.346619;783.106628;705.58313;94.652893;906.509827;656.269531;103.894409;1141.067383;724.106934;455.832092;812.695923;613.007751;75.6604
179;1081.800781;713.719238;262.219177;783.103149;704.821777;94.099541;906.43457;656.327881;103.802322;1140.906738;724.140137;455.794312;812.492493;613.347839;75.684532
180;1081.597778;713.642944;262.088043;783.155151;704.160339;93.65918;906.309631;656.290955;103.683189;1140.453247;724.243896;455.72052;812.34259;613.47644;75.677124
181;1081.46814;713.643494;261.932556;783.331238;704.081787;93.432625;906.156189;656.32428;103.231361;1140.272583;724.360596;455.514191;812.197632;613.697815;75.567261
182;1081.10376;713.583191;261.576447;783.827759;703.97583;93.094643;906.101013;656.309814;103.001755;1140.098389;724.375793;455.34848;811.993652;613.919067;75.4422
183;1081.03479;713.45575;261.408691;784.11908;703.711792;92.803352;906.003357;656.245422;103.016708;1139.862183;724.51709;455.260529;811.883362;614.055054;75.380966
184;1080.813843;713.482666;261.264374;784.101044;703.6508484999999;92.801895;905.872437;656.216858;102.984146;1139.474365;724.588806;454.892273;811.769287;614.171387;75.355148
185;1080.736206;713.496704;261.177185;784.083008;703.589905;92.800438;905.76001;656.207764;102.936623;1139.253052;724.686218;454.714966;811.675537;614.306091;75.199898
186;1080.584595;713.514526;261.108704;784.177124;703.539429;92.64254;905.683411;656.196594;102.827591;1138.929321;724.802002;454.435913;811.668457;614.327148;75.156708
187;1080.455688;713.552734;261.040344;784.245422;703.422729;92.552299;905.580261;656.195862;102.731979;1138.657104;724.90564;454.215607;811.589661;614.342224;75.137558
188;1080.476196;713.56366;261.003815;784.431152;703.312378;92.35598;905.384705;656.197876;102.620903;1138.393188;724.985291;454.023743;811.566223;614.34021;75.148354
189;1080.311157;713.586731;260.928009;784.555176;703.280396;92.185738;905.312744;656.176636;102.617249;1138.157349;725.105164;453.827301;811.451599;614.354187;75.119011
190;1080.401245;713.618042;260.89209;784.609619;703.160156;92.153023;905.334595;656.086792;102.567024;1137.935547;725.124146;453.616241;811.475464;614.454468;75.098656
191;1080.286621;713.644958;260.79953;784.604919;703.087097;92.164436;905.232971;656.066345;102.534988;1137.806396;725.19104;453.516602;811.438293;614.469543;74.994041
192;1080.128052;713.857788;260.768829;784.398071;702.974121;92.345108;905.142578;656.057007;102.566833;1137.591919;725.262207;453.394043;811.386353;614.498108;75.01635
193;1079.982666;714.063049;260.810425;784.29071;702.969116;92.466148;905.098083;656.066711;102.575684;1137.507446;725.386658;453.398895;811.350403;614.518616;75.019028
194;1079.745361;714.295105;260.795319;784.206787;702.96814;92.574287;905.07019;656.029785;102.592842;1137.425293;725.450867;453.327881;811.344055;614.589355;74.97963
195;1079.800903;714.511658;260.811066;784.358948;702.887817;92.681992;904.990662;655.997742;102.647919;1137.464966;725.394897;453.4599;811.18158;614.554993;75.08712
196;1079.759644;714.630188;260.73175;784.451172;702.869995;92.686691;905.063843;655.868469;102.886665;1137.393555;725.419189;453.453339;811.153931;614.680481;75.04007
197;1079.70874;714.735229;260.703003;784.4051514285715;702.9987704285714;92.92330142857142;904.979431;655.784912;103.139832;1137.158203;725.430908;453.394897;811.162598;614.838867;75.012878
198;1079.852661;714.912903;260.725922;784.3591308571429;703.1275458571429;93.15991185714286;905.020813;655.749451;103.329178;1137.060303;725.508484;453.348877;811.109863;614.981873;74.943741
199;1079.859619;715.036316;260.695831;784.3131102857143;703.2563212857143;93.39652228571428;904.907532;655.739868;103.42067;1136.906006;725.57373;453.324158;811.061218;614.99823;74.961166
200;1079.79895;715.271484;260.694824;784.2670897142857;703.3850967142857;93.63313271428571;904.832703;655.686768;103.670685;1136.584106;725.676819;453.36203;810.983215;615.087952;75.02874
201;1079.309326;715.595947;261.036652;784.2210691428571;703.5138721428572;93.86974314285713;904.56311;655.852417;103.989044;1135.854248;725.93042;453.052917;810.8927;615.292297;75.312729
202;1079.670044;715.561096;261.060394;784.1750485714285;703.6426475714286;94.10635357142857;904.743652;655.742737;104.207291;1135.428833;726.049866;452.887756;810.819824;615.479858;75.534729
203;1079.969482;715.606873;260.900879;784.129028;703.771423;94.342964;904.812134;655.708984;104.387924;1135.145996;725.821289;452.805939;810.693787;615.594666;75.741875
204;1080.282104;715.605652;260.981232;783.768127;704.022156;94.938881;904.668884;655.828125;104.860573;1134.809082;726.270691;452.678741;810.545959;615.735535;76.117378
205;1080.31958;715.71582;261.013184;783.539124;704.279846;95.344841;904.206726;655.945862;105.515465;1134.534058;726.479126;452.628387;810.336853;615.865051;76.595741
206;1080.442139;715.828979;261.100922;783.387695;704.463135;95.642967;903.712708;656.155396;106.073799;1134.242188;726.602356;452.584198;809.757385;615.995605;77.459145
207;1080.578247;715.99823;261.195648;783.743774;704.521851;96.461685;903.699829;655.961975;106.60183;1133.861084;726.769104;452.52121;809.270752;616.223938;78.516808
208;1080.6875;716.191833;261.271271;783.2622616;704.6204898999999;97.9484679;903.438965;655.781128;107.447197;1133.364136;726.915588;452.341461;809.024109;616.398499;79.382034
209;1081.085205;716.201294;260.858002;782.7807492000001;704.7191288;99.4352508;903.515137;655.744263;107.820313;1133.284058;726.909241;452.738068;808.829285;616.556091;80.214073
210;1081.013428;716.598389;261.310913;782.2992368;704.8177677;100.9220337;903.587708;655.841675;108.256363;1133.046143;726.988464;452.839813;808.57074;616.651489;81.105865
211;1080.842041;716.90155;261.656464;781.8177244;704.9164066;102.40881660000001;903.506897;655.942505;109.025444;1132.753662;727.109985;452.920807;807.900757;616.693054;82.662529
212;1080.771606;717.231812;261.902863;781.3362119999999;705.0150455;103.8955995;902.858826;656.289917;110.390129;1132.160889;727.245544;452.971954;807.40509;616.940186;84.588501
213;1080.874023;717.458496;262.08847;780.8546996;705.1136844;105.38238240000001;902.063232;656.438049;111.857498;1131.614502;727.449158;452.996033;806.909485;617.072449;85.722107
214;1081.1604;717.724182;262.234192;780.3731872;705.2123233;106.8691653;901.074463;656.461304;113.306519;1131.143921;727.664124;452.95224;806.465637;617.081787;86.680214
215;1081.489502;717.974548;262.346588;779.8916747999999;705.3109622;108.3559482;900.506958;656.499268;114.108009;1130.734253;727.811279;452.988892;805.634583;617.08905;88.464516
216;1081.625122;718.264221;262.550476;779.4101624;705.4096011;109.84273110000001;899.789185;656.728882;115.276001;1130.371582;727.939636;452.872803;804.634399;617.236206;90.733879
217;1081.718506;718.481628;262.856598;778.92865;705.50824;111.329514;899.093933;656.837891;116.7313;1129.954712;727.98761;452.773834;803.440857;616.997681;92.637886
218;1081.441772;718.761108;263.238586;777.665796;705.6364382;113.0224918;898.315735;656.880859;117.975113;1129.59375;728.161377;452.733826;802.630371;617.117126;94.359665
219;1080.973755;719.080444;263.752472;776.4029419999999;705.7646364;114.7154696;896.854187;657.145691;119.762444;1129.256836;728.153564;452.665741;801.602417;617.322937;96.590515
220;1080.45813;719.46759;264.336365;775.140088;705.8928346;116.4084474;895.748779;657.062134;121.559273;1128.814697;728.267822;452.637268;800.253174;617.198364;98.458649
221;1080.070923;719.7854;264.661865;773.8772339999999;706.0210328;118.10142520000001;894.883118;657.213928;123.043869;1128.032227;728.456238;452.545715;798.910461;617.284729;100.379303
222;1079.244629;720.285583;265.085876;772.61438;706.149231;119.794403;893.329041;657.588135;124.642456;1127.153442;728.628662;452.716797;797.451782;617.428162;102.302956
223;1078.412598;720.756104;265.625031;770.944153;706.2999876666667;121.71487166666667;891.715881;657.484619;126.332878;1126.494629;728.714539;452.992493;795.596191;617.372498;104.210106
224;1077.622559;721.034973;266.174316;769.273926;706.4507443333333;123.63534033333333;889.63501;657.786377;127.790207;1125.491089;728.733521;452.760529;793.867004;617.540833;106.334473
225;1077.732422;721.020874;266.199036;767.603699;706.601501;125.555809;887.735352;658.006653;129.603439;1125.244263;728.812195;452.87738;792.087708;617.783447;108.54126
226;1076.345215;721.588501;266.633179;765.578939;706.6897783333334;127.86661266666667;886.027649;657.972595;130.931946;1125.265015;728.897888;453.102051;789.891235;617.864746;110.628471
227;1074.630981;722.082764;267.321228;763.554179;706.7780556666667;130.17741633333333;883.750977;658.30896;132.700378;1124.727295;729.005798;453.214844;788.095215;618.00238;112.324661
228;1072.868652;722.708435;268.199432;761.529419;706.866333;132.48822;881.982971;658.359192;134.649841;1123.871948;729.147705;453.400696;785.718933;618.1875;114.693939
229;1072.138184;722.916992;268.2435;758.9979249999999;707.059326;134.544441;878.892029;658.918457;136.526978;1122.567139;729.192627;453.442871;783.012512;618.198303;116.752136
230;1070.375366;723.691406;268.840851;756.466431;707.252319;136.600662;876.986389;659.080444;138.068451;1121.288696;729.283569;453.367249;780.827576;618.318298;118.316566
231;1068.36499;723.986572;269.878693;753.5344545;707.350006;138.70907599999998;874.066589;659.338867;139.715576;1119.868164;729.332581;452.756561;777.870117;618.568787;120.727318
232;1066.42749;724.017334;270.355469;750.602478;707.447693;140.81749;871.898682;659.782349;141.70224;1119.62854;729.345642;453.066895;775.282959;618.875854;122.799828
233;1064.8302;724.615356;270.48175;747.729767;707.5831605;142.7166445;868.424744;660.400879;143.362778;1119.059814;729.329712;453.691925;772.614441;618.964294;124.43325
234;1063.231445;724.972046;271.020782;744.857056;707.718628;144.615799;866.094116;660.643677;144.931458;1117.529663;729.530457;454.052765;769.661194;619.129395;126.280472
235;1060.754028;725.877502;271.568207;741.4395632;707.9589477999999;146.5245912;862.605164;661.192566;146.536575;1116.111084;729.561096;453.779053;766.397522;619.644165;128.408524
236;1059.240479;726.093323;271.821075;738.0220704;708.1992676;148.4333834;859.478455;661.734741;148.469833;1114.578491;729.735657;453.623657;763.377686;619.88208;130.336716
237;1056.01709;726.782227;272.697937;734.6045776;708.4395873999999;150.34217560000002;855.94574;662.377014;149.828049;1113.552612;729.660095;453.9599;760.093689;620.124084;131.914917
238;1053.768311;727.191589;273.428802;731.1870848;708.6799072;152.2509678;852.431213;662.876038;151.322678;1112.226196;729.659363;454.17746;756.442566;620.698364;134.054642
239;1050.295532;727.787476;273.72171;727.769592;708.920227;154.15976;849.158569;663.446533;152.737198;1111.036255;729.755493;454.082947;752.852295;621.014282;136.374985
240;1047.754272;728.138062;274.269379;723.8358;709.55535875;155.963593;845.592285;663.958191;154.743134;1109.126221;729.953003;454.297241;749.203918;621.528748;137.90123
241;1044.97876;728.160706;274.874969;719.902008;710.1904904999999;157.767426;841.567566;664.492004;156.499985;1107.364136;730.069885;454.243805;745.765503;621.990601;139.448578
242;1041.912598;728.90863;275.403564;715.968216;710.8256222499999;159.571259;837.369507;665.510437;158.062866;1105.548462;730.270935;454.309326;741.766418;622.576843;140.820206
243;1039.042358;729.263306;275.795929;712.034424;711.460754;161.375092;833.669739;666.183167;159.309387;1103.808228;730.184448;455.016113;737.908936;623.342773;142.827408
244;1035.718506;729.819153;276.598419;708.1788329999999;711.993774;162.71328749999998;829.999268;666.685181;160.352127;1102.00708;730.430115;454.741547;733.373535;623.93335;144.649521
245;1031.872192;730.609924;277.551575;704.323242;712.526794;164.051483;825.443359;667.595154;161.879684;1099.957764;730.672241;454.76886;729.332642;624.409912;146.290665
246;1028.427612;731.186035;278.080627;700.017639;713.338074;165.434174;820.730225;668.576477;163.573196;1098.357422;730.620728;455.228333;724.881104;625.102783;147.492798
247;1025.574463;731.301575;278.613983;695.3225828000001;714.3573244;166.3095432;816.689514;669.239441;164.949478;1096.474976;730.981384;455.316528;720.571655;626.032959;149.00676
248;1021.207642;731.827454;279.200439;690.6275266;715.3765748000001;167.1849124;812.199341;669.919312;166.116898;1094.152832;731.054138;455.437042;716.066589;626.779907;150.518845
249;1016.927368;732.615173;279.39566;685.9324704;716.3958252;168.06028160000002;807.281311;670.999084;167.297241;1092.198975;731.23999;455.672394;711.509033;627.87439;151.93129
250;1012.683044;732.937744;280.75;681.2374142;717.4150756;168.93565080000002;802.642151;671.891968;168.650894;1089.85083;731.470154;456.146881;706.749817;629.045837;152.911041
251;1008.775269;733.043213;281.923401;676.542358;718.434326;169.81102;798.147766;672.521667;169.704971;1088.195923;731.253052;456.013214;701.911865;629.981628;153.865906
252;1005.477234;733.330811;282.231262;672.445129;719.506104;169.727707;793.10083;673.578857;170.812515;1085.841064;731.565491;456.508545;697.342041;630.838501;154.671463
253;1000.703064;733.83905;282.96286;667.9203795;720.6050415;170.1416855;788.122803;674.370605;171.573395;1083.963379;731.477173;456.736633;692.335449;631.724609;155.634323
254;996.359985;733.868042;283.832397;663.39563;721.703979;170.555664;783.414429;675.572754;172.113541;1081.498291;731.812195;456.960693;687.388184;632.958313;156.616791
255;992.087463;734.264099;284.513947;658.5361736666666;722.7747696666667;170.8239695;778.894958;676.5177;172.724609;1079.442993;731.744812;456.953522;682.663391;634.335571;157.277985
256;987.931702;734.453552;285.138153;653.6767173333333;723.8455603333333;171.092275;773.881287;677.4823;173.389084;1076.916992;731.991882;457.616974;677.684326;635.324463;157.676514
257;983.611389;734.688721;286.296265;648.8172609999999;724.9163510000001;171.3605805;768.680786;678.62616;174.189331;1074.911255;731.815735;457.745972;673.029053;636.155945;158.070114
258;978.294556;735.055603;287.648163;643.9578046666667;725.9871416666667;171.628886;763.80957;679.371948;174.622086;1072.109253;731.911377;458.161438;667.94873;637.086304;157.905212
259;973.308655;735.469421;288.260437;639.0983483333333;727.0579323333334;171.8971915;759.077332;680.044128;175.054321;1070.286865;731.851135;458.212769;663.05481;638.256836;157.841522
260;968.313721;735.790527;289.085876;634.238892;728.128723;172.165497;753.881714;681.129272;175.289551;1067.359741;731.838135;458.58786;658.206299;639.370422;157.636063
261;963.863403;735.809692;289.880737;628.930939;729.508545;173.10244;748.99115;682.130737;175.128876;1064.877075;731.982544;458.615479;653.148987;640.494141;157.755585
262;958.642456;736.144287;290.69928;623.622986;730.888367;174.039383;744.229614;683.044434;175.097733;1062.407593;731.744568;459.20105;648.062561;641.569702;157.622574
263;954.064636;736.269714;291.487701;618.638062;731.740051;173.716537;739.534729;684.029724;175.258423;1059.615967;731.906555;459.201721;643.200623;642.322205;157.397705
264;949.184875;736.416016;292.620483;613.550842;732.197266;173.64679;734.192505;685.059448;175.274353;1057.016113;731.811829;459.484558;638.629761;643.034424;156.709442
265;944.606567;736.154114;293.367157;609.3032835;732.569214;172.3150715;729.245361;686.024231;175.246002;1053.70459;731.931091;459.653412;634.017639;643.994263;155.868469
266;940.572266;735.825928;293.61319;605.055725;732.941162;170.983353;724.520813;686.918945;175.169708;1051.195923;731.747742;459.879944;629.18811;644.932739;155.270645
267;935.956726;735.827087;294.518219;600.5245004166667;733.7301074999999;170.14326508333332;719.712891;687.655579;175.077408;1048.061157;731.707764;460.212677;624.355469;645.673645;154.421814
268;931.021606;735.969421;295.600983;595.9932758333334;734.519053;169.30317716666667;714.820435;688.817261;175.211823;1045.039185;731.573425;460.243805;619.843628;646.691772;153.388306
269;925.731689;736.043396;296.802002;591.4620512500001;735.3079984999999;168.46308925;710.013428;689.538513;174.793442;1042.325317;731.295166;460.383881;615.465027;647.622498;152.58754
270;920.954895;736.138062;297.689758;586.9308266666667;736.096944;167.62300133333332;705.483459;690.263611;174.194565;1038.590576;731.398376;460.79068;610.790466;648.124817;152.134995
271;916.715027;735.907471;298.744659;582.3996020833333;736.8858895;166.78291341666667;701.086548;691.177734;173.765533;1036.136963;731.055603;461.155548;606.597656;648.789429;151.368271
272;912.362488;735.863953;299.190094;577.8683775;737.674835;165.9428255;696.135986;692.283875;173.683746;1032.812378;730.965698;461.201691;602.105164;649.62793;150.51442
273;907.978699;735.640198;299.940796;573.3371529166667;738.4637805;165.10273758333332;691.55603;693.295105;173.163116;1029.557495;730.846497;461.682587;597.543701;650.31604;149.798523
274;903.022827;735.723206;301.288635;568.8059283333333;739.2527259999999;164.26264966666668;687.250793;694.096191;172.688492;1026.295166;730.754028;461.725525;593.26532;651.118103;148.776688
275;897.770569;735.912048;302.48175;564.27470375;740.0416715;163.42256175;683.016907;694.919067;172.526749;1023.268127;730.370361;462.190155;589.17804;652.035095;148.00148
276;893.45166;735.46698;303.281372;559.7434791666667;740.830617;162.58247383333332;678.73938;695.600769;172.389099;1020.149658;730.262878;462.513763;585.08551;652.827148;147.223541
277;889.706055;734.945435;303.893494;555.2122545833333;741.6195625;161.74238591666668;674.955322;696.346558;171.483032;1017.131836;730.03125;462.608521;581.169006;653.799133;146.063583
278;885.109253;734.680359;304.361023;550.68103;742.408508;160.902298;670.387939;697.133728;171.121262;1014.117249;729.656982;462.829803;576.99469;654.565613;145.45723
279;881.07196;734.666077;304.921234;;;;665.999695;697.934937;170.732239;1010.848755;729.475525;463.363373;573.260071;655.13031;144.441956
280;877.165527;734.473267;305.744843;;;;662.430176;698.709656;170.227158;1007.486755;729.195801;463.155762;569.506104;655.818726;143.425842
281;873.245239;733.995178;306.256317;;;;658.789917;699.380798;169.424042;1004.508179;728.848511;463.55188;565.486938;656.523071;142.75975
282;868.686584;734.031006;306.580994;;;;654.595642;700.1474;168.712143;1001.008301;728.72168;463.420013;562.138428;657.283936;141.70639
283;865.08136;733.268494;307.359253;;;;651.096069;700.82312;168.051636;998.3479;728.236023;463.708771;558.295044;657.804321;140.534439
284;861.287231;732.670349;307.784454;;;;648.051636;701.096741;167.39827;994.840454;728.020752;464.101532;555.291565;658.734985;139.19986
285;857.454529;732.40564;308.405365;;;;644.164124;701.82666;167.009079;992.313416;727.574585;464.050018;552.011292;659.313538;137.79158
286;853.603516;731.784302;309.243225;;;;640.511108;702.519653;166.104156;988.633057;727.286926;464.07959;549.019775;659.81134;136.175949
287;849.767517;731.387207;309.648865;;;;637.836853;702.720337;165.406143;986.27832;726.811523;464.480743;545.67572;660.265442;135.056961
288;845.891663;731.115601;310.147552;;;;634.332642;703.431946;164.708466;982.899475;726.416809;464.311523;542.767273;660.5849;133.899002
289;842.958252;730.328796;310.283691;;;;631.344788;703.626648;163.760483;980.400391;726.029114;464.825653;539.703491;660.918274;132.825195
290;839.356689;730.085083;310.359589;;;;628.08136;704.291321;162.692627;977.460266;725.780151;464.161438;536.773682;661.102966;132.194092
291;836.34491;729.162903;310.80127;;;;625.5;704.514954;162.133392;974.782532;725.304871;464.675323;534.458435;661.408142;130.304153
292;832.040771;729.029907;310.924835;;;;622.325562;705.012817;161.472839;971.756775;724.962646;464.203339;532.045654;661.738647;128.891068
293;829.910095;728.376526;311.135101;;;;620.010254;705.161133;160.493439;969.314392;724.375671;464.535004;529.397278;661.999268;127.707764
294;826.381836;728.268005;311.306915;;;;616.961792;705.627686;159.682678;966.560486;723.970581;464.20282;526.765442;661.8172;126.348183
295;823.769226;727.332031;311.6474;;;;614.631958;705.616577;158.784149;964.157227;723.71051;464.184784;524.48999;661.946899;125.669296
296;820.657288;727.171997;311.87558;;;;612.04425;706.044189;158.060577;961.465393;723.237122;463.943054;522.039063;662.143616;124.693275
297;817.86853;726.524414;312.247253;;;;610.169922;705.793213;156.785797;959.158325;723.05542;463.731445;519.80542;662.144653;123.407021
298;815.390564;726.103271;312.23941;;;;607.322144;706.039429;156.453308;956.571106;722.444336;463.884338;517.758728;662.269287;122.261559
299;812.683105;725.833923;312.109711;;;;605.256348;706.293823;155.519104;954.360352;721.989929;463.629547;515.79364;662.366699;121.026863
300;810.547485;725.259033;311.977417;;;;603.246216;706.141052;155.171829;951.742737;721.600098;463.508026;513.89624;662.125183;119.791344
301;808.387024;724.684021;311.970367;;;;600.862976;706.240112;154.450424;949.760864;721.155579;463.385529;511.609467;662.21106;119.138565
302;805.245972;724.669983;311.888855;;;;599.043579;706.298767;153.634827;947.56488;720.84314;462.827728;509.68866;662.133423;118.668648
303;804.075195;723.621704;311.756042;;;;597.230713;706.105286;152.847824;945.213501;720.710388;462.674744;507.956299;661.940796;117.285316
304;801.622864;723.209412;311.269379;;;;595.333069;706.177307;152.190918;943.226379;720.341736;462.625916;506.002533;661.852112;116.707542
305;799.467224;723.13855;311.617249;;;;593.715942;706.190674;151.788589;941.369995;719.977417;461.89975;504.315399;661.865051;115.958076
306;797.885559;722.686035;310.838104;;;;591.766174;705.823669;151.069275;939.688721;719.519714;461.78067;503.134796;661.828064;115.11396
307;796.235901;722.161987;310.581482;;;;590.166565;705.635437;150.564285;937.660034;719.070435;461.700684;501.356689;661.665527;113.860741
308;794.387024;721.691223;310.207672;;;;588.693726;705.749939;149.883011;935.593994;718.905823;461.07663;500.155548;661.749634;113.329163
309;792.832886;721.299194;309.796722;;;;587.261658;705.564087;148.818756;934.203613;718.5625;460.361267;498.470673;661.666382;112.84185
310;791.515625;720.615417;309.472656;;;;585.834717;705.277832;147.89389;932.725281;718.193665;460.088043;497.161652;661.328369;112.030212
311;790.025391;720.148865;308.907074;;;;584.5354;705.158081;147.478104;931.101563;718.073608;459.708374;495.981232;660.801392;110.927925
312;787.999878;720.22644;308.476349;;;;583.176575;705.038757;147.105118;929.150696;718.057312;459.438263;494.412689;660.481262;110.650063
313;786.651306;720.168213;308.420746;;;;581.852417;704.844055;146.562561;927.598328;717.753479;458.770996;493.14682;660.091492;110.193398
314;785.594788;719.809021;307.836334;;;;580.624817;704.698059;145.627762;926.931274;717.468689;458.49295;492.15329;659.896484;109.149147
315;784.306213;719.39624;307.467865;;;;579.484192;704.458069;144.718979;925.790771;717.13269;457.818848;491.217316;659.610168;108.018494
316;782.865112;718.816589;307.596924;;;;578.295776;704.268311;144.4599;923.959229;717.047791;457.144775;490.115234;659.336182;107.491432
317;781.506226;718.679382;307.255829;;;;577.430725;704.001648;143.728485;922.769775;716.872742;456.823395;489.188538;659.411682;106.747803
318;780.111084;718.731018;306.619263;;;;576.349731;703.592102;142.716812;921.723633;716.578003;456.126038;488.26535;659.145325;106.09079
319;778.832825;718.432922;306.666351;;;;575.312256;703.540222;141.671951;920.5448;716.29364;455.848053;487.31073;658.381287;104.79554
320;777.734131;717.792175;306.4263;;;;574.244202;703.562744;141.078735;919.186462;716.103699;455.704834;486.547028;657.975037;103.896179
321;776.976685;717.2854;305.70108;;;;573.287842;703.362061;140.528519;917.940735;716.095886;455.305725;485.828339;657.52417;103.06076
322;776.418701;717.098267;304.89325;;;;572.211792;703.121521;139.890472;916.878418;716.004944;454.527222;484.872711;656.911682;102.346611
323;775.435486;716.874573;304.309601;;;;571.644409;702.784668;139.187546;916.042664;715.684204;454.097229;484.299622;656.829346;101.074722
324;773.700562;716.70343;303.9487;;;;570.934326;702.554565;138.112808;915.455017;715.396545;453.963074;483.696564;656.71521;100.209343
325;772.161499;716.566833;303.736633;;;;570.479065;702.142212;137.006638;914.367004;715.165527;453.27417;483.157532;656.408997;99.693718
326;771.315918;716.309937;303.701202;;;;570.032593;701.783569;136.195175;913.222107;715.205627;452.500061;482.776337;656.014709;98.096687
327;771.197266;715.767456;303.117523;;;;569.080322;701.56366;135.693344;912.200806;715.273804;452.240845;482.162201;655.911194;96.855568
328;770.643921;715.283997;302.63916;;;;568.073547;701.339172;135.070648;911.1698;715.200012;452.429871;481.423523;655.572754;96.275803
329;769.581238;714.850769;302.452148;;;;567.16156;701.18634;134.691086;909.98999;714.979065;451.946686;480.462402;655.040833;95.74601
330;768.540039;714.505554;302.15567;;;;566.434082;700.899536;134.181778;908.998413;714.896545;451.633301;479.819061;654.615051;94.91317
331;767.617004;714.427002;301.869843;;;;566.049255;700.680115;133.127869;908.224487;714.744507;451.453583;479.368103;654.28302;93.938255
332;766.268738;714.806885;301.328918;;;;565.55127;700.575073;132.189072;907.545471;714.606262;451.341644;478.918243;653.983948;93.088463
333;765.369446;714.809326;300.850403;;;;565.02832;700.415466;131.269943;906.585632;714.574524;450.677917;478.761444;654.037781;92.038322
334;764.989075;714.351868;300.549377;;;;564.441345;700.143616;130.624115;905.609253;714.454834;450.076904;478.486298;653.986084;91.07457
335;764.498718;713.795288;299.964294;;;;563.959839;699.792358;130.118805;904.697571;714.29541;449.628418;477.917969;653.733887;90.211639
336;764.001343;713.390869;299.412964;;;;563.699158;699.440247;129.371185;904.233643;714.12561;449.560944;477.605072;653.3349;89.667809
337;763.403564;713.070618;298.877777;;;;563.411743;699.151367;128.760696;903.692566;713.963257;449.147369;476.965637;652.882385;89.305702
338;763.009155;712.580078;298.257782;;;;562.704102;699.044128;127.999336;903.114502;713.845093;448.78772;476.271454;652.528198;89.029449
339;762.504089;712.426636;298.102905;;;;562.124634;698.742981;127.267838;902.269775;713.760498;448.421051;475.838226;652.275696;88.587952
340;761.781677;712.351135;297.972656;;;;561.922485;698.621521;126.553207;901.222351;713.6875;448.194824;475.625214;651.925415;87.68026
341;760.781311;712.432678;297.540009;;;;561.693481;698.401611;126.101845;900.479614;713.61499;448.070099;475.373383;651.21991;86.559563
342;760.173401;712.371948;297.194977;;;;561.415588;698.181519;125.671219;899.914795;713.534424;447.96698;474.789246;651.079712;86.132851
343;759.499756;712.314148;296.858215;;;;560.886475;697.993286;125.029564;899.160522;713.445068;447.607025;474.289734;650.988525;85.788338
344;759.009705;712.176819;296.705048;;;;560.423218;697.704285;124.657089;898.411011;713.440308;447.251862;473.929901;650.96106;85.341507
345;758.660583;712.042175;296.447083;;;;559.984009;697.594116;124.248611;897.506348;713.37439;447.142273;473.55127;650.992798;84.923576
346;758.111572;711.928223;296.000397;;;;559.499573;697.36676;123.467888;897.159729;713.247192;446.999268;473.256378;650.844604;84.418854
347;757.656799;711.697632;295.239288;;;;559.242493;697.118958;123.004265;896.804504;713.226746;446.684509;473.031342;650.644165;83.948219
348;757.25061;711.571594;294.742615;;;;558.903381;696.812195;122.58522;896.110229;713.153564;446.351257;472.677948;650.562012;83.400787
349;756.875366;711.525635;294.490356;;;;558.421509;696.712036;122.00573;895.263916;713.206848;445.899872;472.461517;650.508118;82.631256
350;756.618225;711.217468;294.050598;;;;558.079224;696.689514;121.543991;894.528259;713.22522;445.481506;471.923004;650.329407;81.990051
351;756.192505;711.118774;293.569489;;;;557.823792;696.575439;121.135826;894.033752;713.253052;445.229706;471.70462;650.305542;81.439957
352;756.010864;710.888;293.099915;;;;557.56543;696.547302;120.68985;893.707031;713.235229;445.06131;471.511047;650.349121;80.833244
353;755.540649;710.588867;293.091949;;;;557.436951;696.372498;120.243813;893.426392;713.211365;444.965881;471.245667;650.325317;80.509941
354;755.084839;710.614563;292.606293;;;;557.077576;696.208008;119.820946;893.276123;713.113281;444.644592;470.862396;650.161621;80.141205
355;754.643188;710.423218;292.425781;;;;556.755188;696.175293;119.680214;892.698425;713.088928;444.364349;470.543976;649.963684;79.626152
356;754.22052;710.269165;292.142761;;;;556.320557;696.209778;119.55706;892.247986;713.076111;443.950745;470.179169;649.979797;79.177406
357;753.844177;710.15802;292.08313;;;;556.109497;696.076111;119.176262;891.878967;713.031494;443.653625;469.824829;649.899963;78.64064
358;753.392578;710.033997;291.960236;;;;555.937622;695.929749;118.71698;891.43219;713.044312;443.454956;469.565247;649.835693;78.394043
359;753.114746;710.032104;291.807678;;;;555.705811;695.909729;118.270454;891.028137;713.129272;443.037354;469.253571;649.851379;78.268471
360;752.741882;710.005493;291.580292;;;;555.506897;695.794006;118.014748;890.866699;713.167053;442.932556;468.954498;649.840698;78.089897
361;752.292297;710.111694;291.51889;;;;555.330444;695.777161;117.454201;890.499817;713.137817;442.826385;468.617828;649.830566;77.80825
362;751.864258;710.259277;291.217255;;;;555.199768;695.713928;116.739372;890.015076;713.175598;442.595642;468.346832;649.819763;77.627815
363;751.497681;710.264221;290.989258;;;;554.998901;695.778442;116.372047;889.655579;713.144897;442.491974;468.124664;649.844788;77.397713
364;751.010193;710.263123;290.801361;;;;554.838684;695.834656;116.110733;889.237732;713.256226;442.238373;467.990936;649.817932;76.935669
365;750.665161;710.256897;290.598267;;;;554.275879;695.856018;115.91153;888.780334;713.300659;441.977295;468.015259;649.700439;76.223366
366;750.42041;710.193542;290.584229;;;;554.200867;695.794312;115.504257;888.279419;713.383179;441.785675;467.916321;649.631775;75.746986
367;750.207458;710.134888;290.403687;;;;554.128784;695.839905;115.220711;888.044006;713.403381;441.601807;468.154297;649.787964;75.032036
368;750.242981;709.972717;290.221832;;;;554.153198;695.80249;114.732872;887.864502;713.42926;441.454895;467.970398;649.672363;74.415047
369;749.994751;709.945435;289.976624;;;;554.203979;695.653076;114.521027;887.572327;713.474548;441.254364;467.842896;649.602966;74.01339
370;749.867554;709.805603;289.884613;;;;553.963562;695.741516;114.301949;887.727234;713.357788;441.069946;467.788147;649.599976;73.736259
371;749.680603;709.777527;289.533081;;;;554.003113;695.728516;113.843552;887.836731;713.242432;441.020264;467.667297;649.525208;73.581535
372;749.541077;709.848389;289.35849;;;;554.013123;695.694702;113.658142;887.771912;713.257507;440.974152;467.551636;649.460571;73.446526
373;749.387268;709.749146;289.031982;;;;553.948608;695.572021;113.462967;887.574951;713.371582;440.820526;467.491272;649.404663;73.28125
374;749.33136;709.675171;288.790314;;;;553.897583;695.460938;113.309074;887.281067;713.430542;440.81012;467.385468;649.331604;73.147751
375;749.094421;709.691589;288.530365;;;;553.544006;695.307068;113.212715;886.955933;713.480896;440.774628;467.258972;649.236877;73.051956
376;748.864807;709.734985;288.176483;;;;553.422058;695.31366;112.98175;886.649719;713.554199;440.361145;467.223907;649.175232;72.936501
377;748.882385;709.694824;287.674927;;;;553.371887;695.220581;112.797234;886.510864;713.503235;440.377808;467.124451;649.09137;72.81855
378;748.825623;709.667847;287.463593;;;;553.29657;695.179688;112.581429;886.29541;713.609741;440.247284;467.25528;649.22229;72.603958
379;748.662842;709.67804;287.363922;;;;553.170898;695.071716;112.366119;885.948914;713.692444;439.801727;467.012573;649.06134;72.527565
380;748.66217;709.660645;287.308075;;;;553.004639;695.046204;112.195862;885.677673;713.769958;439.584137;466.939789;648.960876;72.275833
381;748.570251;709.643066;287.198181;;;;552.892456;695.005371;111.9561;885.399841;713.834473;439.529388;466.881561;648.896729;72.035583
382;748.517883;709.652283;287.109711;;;;552.735168;694.968628;111.640816;885.135315;713.975342;439.43103;466.899567;648.889038;71.745857
383;748.3927;709.617554;287.058197;;;;552.502991;694.854797;111.363632;885.022949;713.979858;439.502869;467.024811;649.047546;71.228477
384;748.278442;709.66864;286.970093;;;;552.479187;694.840149;111.227112;884.592102;714.055054;439.197296;466.937317;649.045349;70.753891
385;748.144104;709.690125;286.911011;;;;552.478027;694.742615;111.157806;884.394226;714.115295;439.091278;466.877106;649.031677;70.414429
386;747.982239;709.742188;286.850464;;;;552.3927;694.753235;110.972893;884.425659;714.164551;439.117401;466.796417;649.01593;70.169289
387;747.828491;709.690674;286.827118;;;;552.505615;694.605042;110.714432;884.431213;714.276611;439.172699;466.872711;648.841614;69.846794
388;747.596313;709.727417;286.568726;;;;552.469482;694.580322;110.512215;884.187683;714.400574;439.09021;466.943512;648.810547;69.556969
389;747.407043;709.808838;286.463409;;;;552.424744;694.517395;110.399323;884.003479;714.461792;439.049835;466.921173;648.818115;69.205643
390;747.250916;709.745422;286.356964;;;;552.444397;694.389404;110.094109;883.884705;714.488281;438.995697;466.742554;648.917664;68.888985
391;746.974121;709.76886;286.23233;;;;552.394714;694.2854;109.842789;883.643616;714.46283;438.868927;466.619781;648.994873;68.629776
392;746.768188;709.786499;286.171967;;;;552.391602;694.19812;109.702179;883.456848;714.519287;438.837311;466.601471;648.863281;68.235001
393;746.53479;709.804382;286.059998;;;;552.305969;694.110962;109.456825;883.200989;714.56073;438.774872;466.626801;648.820923;67.941856
394;746.404968;709.71936;285.925232;;;;552.34668;694.000671;109.236458;883.020508;714.615295;438.778839;466.684479;648.815979;67.615082
395;746.243042;709.812561;285.48877;;;;552.32605;693.915405;108.999275;882.753479;714.613098;438.665649;466.659332;648.826965;67.040138
396;746.15802;709.734863;285.437042;;;;552.314148;693.872742;108.719131;882.629395;714.621704;438.681763;466.853027;648.702942;66.309998
397;745.964966;709.633179;285.083618;;;;552.36792;693.768921;108.254906;882.364746;714.643677;438.576691;466.862946;648.844666;65.810844
398;745.777588;709.536743;284.970306;;;;552.369263;693.681885;107.741982;882.202148;714.609924;438.567566;466.668884;648.947388;65.362572
399;745.67041;709.448608;284.969635;;;;552.319397;693.59729;107.004845;882.012695;714.574097;438.496643;466.644257;648.833496;64.948219
400;745.53302;709.339661;284.946564;;;;552.516968;693.513306;106.699921;881.66687;714.541748;438.601929;467.006683;648.94574;64.585693
401;745.358032;709.140381;284.870239;;;;552.724182;693.377441;106.544914;881.50061;714.471191;438.486542;467.164978;648.958984;64.362564
402;745.3349;709.025574;284.692017;;;;552.939331;693.232788;106.285362;881.42157;714.461914;438.401886;467.023712;648.791992;64.284111
403;745.337585;708.859192;284.52536;;;;553.061951;693.131775;106.066483;881.412354;714.472534;438.373718;466.82959;648.684814;64.477264
404;745.390076;708.699585;284.121277;;;;553.164978;693.152588;105.851303;881.111328;714.514343;438.248016;466.833191;648.724243;64.344101
405;745.32605;708.546143;283.852112;;;;553.208557;693.104919;105.5951;881.064331;714.516357;438.272186;466.918579;648.763428;64.237991
406;745.279724;708.467712;283.633362;;;;553.382446;693.027466;105.404831;880.977661;714.42334;438.206146;466.926514;648.801208;64.157501
407;745.320618;708.314209;283.392151;;;;553.50946;693.015503;105.246819;880.925903;714.405151;438.074921;467.011719;648.838989;64.030457
408;745.541443;708.135376;282.940552;;;;553.513855;692.963989;105.002525;880.825562;714.410645;437.988892;466.936035;648.872009;63.9291
409;745.484436;708.238403;282.69043;;;;553.57959;692.957458;104.785782;880.747559;714.411804;437.965546;466.833954;648.828735;64.061661
410;745.766296;708.055847;282.214508;;;;553.678467;692.831421;104.655754;880.667297;714.413208;437.916626;466.747162;648.773315;64.091782
411;745.881714;707.914612;281.932404;;;;553.762756;692.722046;104.537872;880.50354;714.405945;437.76535;466.733704;648.824585;64.052536
412;745.705627;707.887878;281.769287;;;;553.823853;692.619568;104.358734;880.345276;714.354919;437.520477;466.789856;648.827209;63.904346
413;745.64978;707.897095;281.725159;;;;553.867493;692.428162;104.33799;880.199646;714.411072;437.427216;466.78714;648.87146;63.748772
414;745.571655;707.847046;281.571777;;;;554.143677;692.210388;103.971329;880.266663;714.440002;437.090942;466.747864;648.864746;63.817036
415;745.441406;707.759583;281.388977;;;;553.962891;692.193542;103.939079;880.312866;714.529358;436.650085;466.701324;648.771362;63.690117
416;745.387634;707.577393;281.255096;;;;553.860352;692.089417;103.939041;879.986633;714.599915;436.36142;466.674805;648.734314;63.647114
417;745.17395;707.522949;280.963348;;;;553.891174;692.035034;103.815399;879.824524;714.641235;436.283417;466.700287;648.775696;63.497356
418;745.13385;707.435669;280.722137;;;;553.912903;691.884949;103.703339;879.773987;714.727783;436.199554;466.691162;648.807495;63.502522
419;745.092773;707.391602;280.673981;;;;553.881165;691.78833;103.509811;879.709045;714.80542;436.047272;466.599182;648.708923;63.393425
420;745.018677;707.308105;280.693024;;;;553.919128;691.669312;103.392166;879.608215;714.965515;436.00705;466.575409;648.714233;63.366909
421;744.839966;707.297546;280.784393;;;;553.841125;691.534119;103.247871;879.556763;714.988708;435.928864;466.587128;648.717529;63.323296
422;744.833557;707.225952;280.630066;;;;553.885986;691.374634;102.998009;879.399902;715.089478;435.827057;466.610535;648.640381;63.25816
423;744.864685;707.214539;280.581024;;;;554.110291;691.317444;102.749992;879.441284;715.276611;435.778442;466.506042;648.646301;63.256481
424;744.796387;707.240723;280.551544;;;;554.165039;691.234436;102.531067;879.207275;715.417847;435.702545;466.478363;648.617859;63.288776
425;744.792053;707.192749;280.466583;;;;554.151794;691.225891;102.51358;879.039063;715.597229;435.6474;466.432129;648.640808;63.191151
426;744.801453;707.220215;280.470551;;;;554.137329;691.214233;102.510117;878.951843;715.738342;435.713562;466.352509;648.682129;63.129745
427;744.700806;707.370667;280.406036;;;;554.141235;691.22699;102.391724;878.844666;715.86145;435.675781;466.37912;648.712769;63.099049
428;744.684387;707.32196;280.418945;;;;554.238586;691.139099;102.320854;878.73938;715.875305;435.71582;466.424377;648.698608;63.079498
429;744.622498;707.326904;280.383728;;;;554.274658;691.186829;102.228249;878.538208;715.943481;435.592407;466.382507;648.611816;63.07687
430;744.680359;707.328857;280.350311;;;;554.371277;691.130676;102.039307;878.625366;715.983521;435.603546;466.363403;648.590149;63.092766
431;744.597839;707.285828;280.186249;;;;554.408936;691.097961;101.86142;878.514648;716.052185;435.5242;466.376709;648.587708;63.053604
432;744.509644;707.211121;280.203125;;;;554.513794;691.150513;101.666946;878.421143;716.115601;435.618927;466.587067;648.480469;62.935089
433;744.479004;707.211548;280.165436;;;;554.575317;691.170532;101.561966;878.338562;716.084534;435.679382;466.535278;648.548096;62.900505
434;744.4823;707.215698;279.989166;;;;554.624023;691.209534;101.429199;878.213135;716.093079;435.656189;466.504089;648.550232;62.81398
435;744.435059;707.13623;279.950684;;;;554.636719;691.211487;101.257874;878.087769;716.176392;435.597565;466.501099;648.537048;62.820744
436;744.369873;707.160706;280.045624;;;;554.891724;691.264526;100.913696;878.267761;716.057983;435.7146;466.533844;648.580017;62.813541
437;744.190674;707.104492;280.035736;;;;554.956177;691.250183;100.785049;878.500305;715.965332;435.590454;466.461426;648.57019;62.740883
438;744.15686;706.992249;280.084381;;;;554.908081;691.138733;100.567581;878.124634;716.076172;435.81311;466.646637;648.477234;62.524769
439;744.028442;706.983337;280.0383;;;;554.911316;691.14209;100.491409;877.978638;716.101501;435.806671;466.604279;648.536682;62.525757
440;743.838928;706.919922;279.961182;;;;554.903259;691.061096;100.43824;878.059143;716.139587;435.726715;466.722931;648.480591;62.390282
441;743.709717;706.834595;279.882446;;;;554.890503;691.045166;100.392288;878.164368;716.124512;435.672302;466.648529;648.547302;62.35239
442;743.579163;706.741272;279.796539;;;;554.971375;690.886963;100.491234;878.241699;716.109009;435.681946;466.843689;648.415771;62.143085
443;743.572205;706.599121;279.773865;;;;554.967468;690.78949;100.350838;878.126282;716.103699;435.618164;466.86499;648.43103;62.014416
444;743.54834;706.461609;279.676697;;;;555.005249;690.687927;100.202591;878.089233;716.105225;435.608521;466.719055;648.51355;62.115532
445;743.46936;706.312256;279.510803;;;;554.976318;690.679871;100.170586;878.041199;716.041443;435.718872;466.656433;648.528015;62.054371
446;743.480164;706.056335;279.386932;;;;554.959045;690.590759;100.155624;877.973206;716.039429;435.798309;466.634338;648.533691;61.986732
447;743.471558;705.969849;279.44043;;;;554.99408;690.427063;100.238884;877.78418;715.952698;435.774841;466.631927;648.432068;61.999046
448;743.41095;705.698914;279.415802;;;;555.040283;690.359314;100.122299;877.664917;715.835632;435.839081;466.645996;648.389343;61.930882
449;743.325623;705.587463;279.497742;;;;555.043945;690.358948;100.038239;877.572205;715.769348;435.909302;466.650055;648.418457;61.903519
450;742.976929;705.512146;279.406799;;;;555.015869;690.279419;99.973091;877.539978;715.723694;436.022736;466.671692;648.402832;61.859795
451;742.978149;705.446167;279.228638;;;;554.994202;690.200806;100.063217;877.365051;715.591553;436.00177;466.646637;648.419006;61.719204
452;742.892517;705.358154;279.167053;;;;554.985657;690.101379;100.077682;877.241699;715.575195;436.051086;466.614288;648.411255;61.610432
453;742.772827;705.145386;279.197205;;;;554.951294;690.088196;99.981812;877.147034;715.52002;436.142303;466.681305;648.407898;61.580818
454;742.632507;705.040894;279.186279;;;;554.9646;690.002563;99.91275;877.110657;715.450378;436.155029;466.645813;648.417542;61.564861
455;742.410461;704.757019;279.434937;;;;554.905396;689.971313;99.838364;877.002075;715.391541;436.223083;466.643707;648.323425;61.543259
456;742.33313;704.489807;279.398163;;;;554.863708;689.869873;99.833817;876.855103;715.334045;436.257935;466.659912;648.380432;61.513275
457;742.195496;704.365906;279.357452;;;;554.759216;689.824463;99.750038;876.581238;715.208984;436.165344;466.692963;648.242126;61.337093
458;742.088318;704.185242;279.395416;;;;554.764587;689.830444;99.775063;876.510681;715.090942;436.145142;466.650452;648.326172;61.091995
459;741.909912;704.132629;279.24115;;;;554.763977;689.69873;99.711891;876.320007;715.0979;436.212921;466.524231;648.377686;61.242424
460;741.830261;704.051331;279.172058;;;;554.771179;689.674866;99.691582;876.212463;715.042114;436.336548;466.64151;648.310486;61.43232
461;741.80011;704.013916;279.216187;;;;554.714478;689.682983;99.652412;876.081238;715.004761;436.354736;466.644806;648.187256;60.82795
462;742.033325;703.640808;279.327545;;;;554.657043;689.600891;99.658653;875.997742;714.895569;436.444733;466.637756;648.240662;60.624641
463;741.987;703.794556;279.141418;;;;554.642212;689.591431;99.562599;875.928528;714.889587;436.406372;466.659515;648.230652;60.647903
464;741.749573;703.911499;279.131775;;;;554.688416;689.576721;99.474548;875.900757;714.791504;436.385345;466.609894;648.454834;60.649761
465;741.721008;703.850037;279.186859;;;;554.62677;689.599365;99.524391;875.903625;714.777161;436.383759;466.49173;648.364746;60.715099
466;741.679199;703.741455;279.140808;;;;554.612244;689.499268;99.445999;875.882996;714.776611;436.390839;466.684265;648.18988;60.634655
467;741.679077;703.686707;279.140198;;;;554.691589;689.471619;99.419724;875.791199;714.679626;436.33316;466.684021;648.192871;60.58279
468;741.706909;703.69574;279.158081;;;;554.695251;689.504761;99.446022;875.773071;714.665344;436.322327;466.525848;648.303101;60.579098
469;741.71106;703.716675;279.083771;;;;554.634399;689.500854;99.293579;875.765198;714.641785;436.308563;466.641174;648.212524;60.520309
470;741.671936;703.644958;279.067139;;;;554.63623;689.527039;99.265778;875.762573;714.602295;436.190369;466.722168;648.196533;60.466053
471;741.638916;703.623657;278.965088;;;;554.684753;689.527344;99.251549;875.769165;714.536682;436.15918;466.757477;648.208984;60.465336
472;741.661133;703.585083;278.977173;;;;554.673645;689.509094;99.199532;875.826782;714.544739;436.113525;466.552795;648.317688;60.541485
473;741.641479;703.494324;279.00177;;;;554.733032;689.488892;99.231865;875.698242;714.497559;436.1026;466.640442;648.238098;60.4837
474;741.669067;703.432617;278.913269;;;;554.663025;689.536072;99.155022;875.655579;714.450623;436.109802;466.566101;648.311462;60.595669
475;741.645569;703.402466;278.846191;;;;554.637268;689.556641;99.049301;875.662354;714.384888;436.103485;466.529327;648.284851;60.597069
476;741.542969;703.42041;278.851593;;;;554.63031;689.516235;98.946693;875.699951;714.33313;435.935181;466.495117;648.289612;60.561142
477;741.523987;703.258545;278.783051;;;;554.613281;689.558411;98.940834;875.718994;714.266052;435.889526;466.500366;648.297546;60.517826
478;741.462769;703.219666;278.819;;;;554.737915;689.597168;98.82032;875.632324;714.214783;435.958282;466.531708;648.309998;60.517807
479;741.392029;703.124573;278.867432;;;;554.874634;689.564636;98.684196;875.600647;714.214111;435.984436;466.751801;648.203308;60.414883
480;741.338013;703.068359;278.833557;;;;554.819336;689.572754;98.582657;875.521118;714.164063;435.921814;466.573395;648.290771;60.452621
481;741.325073;702.975952;278.838593;;;;554.866882;689.585571;98.518143;875.420837;714.157776;435.858002;466.495789;648.306885;60.512833
482;741.206238;702.932251;278.863464;;;;554.90033;689.529236;98.43985;875.320679;714.051575;435.908661;466.52002;648.301086;60.545864
483;741.235413;702.802673;278.856323;;;;554.977783;689.507141;98.388695;875.16626;714.087097;436.046539;466.716705;648.207947;60.396786
484;741.169067;702.711853;278.84845;;;;554.949097;689.492188;98.355812;875.096985;713.988953;435.966278;466.623993;648.26593;60.341839
485;741.070374;702.677795;278.908966;;;;554.860962;689.513306;98.328033;875.25354;713.996948;435.910492;466.562958;648.287659;60.40377
486;741.009766;702.582886;278.921814;;;;555.067627;689.536194;98.150719;875.026917;713.971741;435.961029;466.682251;648.203674;60.302151
487;740.679138;702.651062;279.00531;;;;554.969238;689.494934;98.201904;874.854309;713.972412;435.944946;466.65036;648.132507;60.272202
488;740.688782;702.609741;278.944366;;;;554.928101;689.402649;98.225037;874.840698;713.97467;435.93927;466.591919;648.22229;60.225502
489;740.702515;702.489441;278.869995;;;;554.932556;689.4328;98.197449;874.892334;713.949524;435.963135;466.438416;648.339905;60.322704
490;740.638123;702.488586;279.000366;;;;554.810242;689.411438;98.215721;874.981934;713.913818;435.717865;466.572449;648.157166;60.268353
491;740.530823;702.498108;279.005859;;;;554.741943;689.399475;98.236755;875.059021;713.869263;435.698639;466.437347;648.217834;60.354893
492;740.501343;702.401123;279.02124;;;;554.826477;689.34375;98.161507;875.046631;713.899841;435.710999;466.563782;648.130371;60.281799
493;740.542053;702.345947;278.915985;;;;554.794983;689.374817;98.247444;875.032043;713.914978;435.694;466.437347;648.208069;60.317768
494;740.503601;702.260071;278.910583;;;;554.725464;689.312988;98.290398;875.0578;713.959412;435.608215;466.357513;648.237488;60.375027
495;740.971558;701.937012;278.840149;;;;554.833984;689.254333;98.289597;875.097534;713.954224;435.647736;466.53244;648.139099;60.252163
496;740.706238;702.229309;278.866516;;;;554.852539;689.235779;98.126579;875.13147;713.963745;435.630981;466.585693;648.141907;60.156467
497;740.474304;702.27417;278.741577;;;;554.818787;689.273987;98.182266;875.136658;713.964905;435.622772;466.42337;648.22876;60.255276
498;740.727173;702.196655;278.708649;;;;554.792053;689.269165;98.209877;875.189331;713.958923;435.569946;466.361542;648.249207;60.361126
499;740.903015;702.100098;278.737579;;;;554.73999;689.272888;98.170853;875.23468;713.999878;435.552734;466.357819;648.223694;60.347443
500;740.850281;702.069946;278.596375;;;;554.905884;689.288818;98.180275;875.238525;714.006409;435.554321;466.38913;648.216492;60.357796
501;740.857178;702.092407;278.565308;;;;555.036316;689.213196;98.162743;875.286316;714.061035;435.51236;466.553345;648.136902;60.233204
502;740.861023;702.121338;278.566162;;;;555.058289;689.242249;98.063705;875.2771;714.01825;435.538818;466.658447;648.201172;60.126785
503;740.852844;702.062988;278.596924;;;;554.983215;689.300171;98.108139;875.320251;714.071045;435.480072;466.514221;648.220764;60.197685
504;741.06781;702.032349;278.530396;;;;554.971558;689.404175;98.135422;875.274841;714.08728;435.409332;466.447937;648.207581;60.235012
505;740.930298;702.139526;278.537689;;;;554.977844;689.37085;98.13028;875.259766;714.08606;435.403748;466.634277;648.092468;60.141453
506;740.863831;702.13855;278.544861;;;;555.000183;689.418579;98.07312;875.360352;714.115967;435.366211;466.484375;648.186279;60.191116
507;740.953064;702.161621;278.685394;;;;555.040344;689.444824;98.015213;875.372864;714.150757;435.344635;466.636414;648.12677;60.167274
508;740.896851;702.223511;278.55719;;;;554.972778;689.39801;98.139648;875.363037;714.154175;435.3461;466.70578;648.19928;60.06741
509;740.944153;702.243042;278.514618;;;;555.039734;689.509399;98.086746;875.444153;714.190369;435.291382;466.519348;648.205933;60.152863
510;740.962341;702.256104;278.492096;;;;555.11261;689.53717;98.04039;875.498779;714.200623;435.268158;466.637238;648.142273;60.163506
511;740.972473;702.253357;278.517212;;;;555.031128;689.461365;97.999413;875.502258;714.19928;435.26825;466.574585;648.17395;60.156109
512;741.188477;702.160034;278.472473;;;;555.031006;689.495728;98.042564;875.50531;714.158752;435.429413;466.694305;648.216309;60.104855
513;741.205872;702.268677;278.632324;;;;554.943604;689.499512;98.152771;875.580627;714.155396;435.4021;466.776337;648.110291;60.028187
514;741.035828;702.350098;278.595917;;;;554.884949;689.491394;98.20562;875.604553;714.255127;435.385101;466.777344;648.124512;60.085003
515;741.047119;702.348145;278.540771;;;;554.961609;689.529785;98.089401;875.643616;714.24054;435.269897;466.697601;648.125732;60.084236
516;741.069946;702.33905;278.526917;;;;554.893799;689.427917;98.197746;875.695984;714.260559;435.297913;466.624451;648.124939;60.088001
517;741.069092;702.340576;278.556488;;;;554.937866;689.410583;98.111595;875.705322;714.28125;435.252441;466.631866;648.134216;60.126095
518;741.104492;702.292725;278.527679;;;;555.000305;689.401062;98.028107;875.763428;714.278259;435.183075;466.641632;648.194031;60.037354
519;741.087708;702.247253;278.52594;;;;554.882263;689.38092;98.194954;875.802246;714.280396;435.163696;466.574677;648.189819;60.131485
520;741.077515;702.198547;278.527618;;;;554.869995;689.252319;98.271622;875.86853;714.27417;435.224426;466.652893;648.094971;60.124775
521;741.086731;702.148132;278.512177;;;;554.981689;689.269653;98.155685;875.873169;714.276001;435.123199;466.597717;648.129578;60.109924
522;741.15271;702.100647;278.55954;;;;554.901672;689.252747;98.195229;875.957947;714.273926;435.146881;466.598236;648.125732;60.018147
523;741.200623;701.950195;278.551178;;;;554.923462;689.222656;98.17318;876.018738;714.304199;435.060242;466.443939;648.235657;60.122639
524;741.224365;701.820251;278.528473;;;;554.956604;689.223511;98.13018;876.055725;714.350464;435.034332;466.393921;648.250122;60.202065
525;741.280518;701.799744;278.536713;;;;555.11969;689.181885;98.156021;876.083557;714.3302;435.005737;466.433685;648.225586;60.176594
526;741.300598;701.700317;278.555481;;;;554.813293;689.179321;98.223228;876.086914;714.317932;435.023682;466.416687;648.206604;60.104862
527;741.419189;701.57019;278.533081;;;;554.917114;689.223328;98.135391;876.139709;714.31311;434.976593;466.470337;648.223083;60.088829
528;741.44458;701.463257;278.546967;;;;554.972717;689.19873;98.104538;876.158386;714.250122;434.953705;466.472351;648.204712;60.060085
529;741.356812;701.402039;278.514618;;;;554.870789;689.070129;98.170326;876.156982;714.241028;434.95343;466.432098;648.229248;60.098175
530;741.403381;701.337952;278.599213;;;;554.800354;689.022034;98.240189;876.15332;714.24469;434.956665;466.354095;648.220154;60.053501
531;741.373596;701.341675;278.575592;;;;554.840271;689.014709;98.137222;876.213989;714.239319;435.012848;466.347443;648.218018;60.038662
532;741.42572;701.268616;278.602905;;;;554.798828;689.068909;98.207512;876.227905;714.238159;435.021423;466.358887;648.223328;60.046108
533;741.379333;701.239014;278.632813;;;;554.808289;689.021118;98.154007;876.25177;714.244629;435.010925;466.369446;648.244995;60.064884
534;741.362122;701.24115;278.641785;;;;554.809814;689.009399;98.104889;876.314392;714.245667;434.930176;466.307037;648.236328;60.001247
535;741.359802;701.245605;278.613342;;;;554.742493;689.037354;98.156456;876.274048;714.243347;434.988159;466.321564;648.252258;59.959423
536;741.325928;701.288513;278.589844;;;;554.650391;689.012451;98.11306;876.307373;714.23999;434.958435;466.334686;648.258728;59.94854
537;741.324158;701.262573;278.667419;;;;554.602051;689.030457;98.154648;876.267395;714.243347;434.997528;466.322418;648.232605;59.925385
538;741.370667;701.159973;278.783783;;;;554.559326;688.941223;98.191986;876.396179;714.276611;435.008667;466.290039;648.262024;59.972328
539;741.381836;701.141541;278.827545;;;;554.682068;688.865112;98.118233;876.435669;714.279541;434.999878;466.443939;648.183838;59.842678
